 	  ( )	  ( )	 	 	 	 ( = ,  = ,  = )
10 97.686 97.0659 21.5 168.654 0.429618  
11 97.686 97.0659 21.5 168.654 0.429618  
12 97.6111 96.9963 22.5 167.851 0.4496  
13 97.686 97.0659 21.5 168.654 0.429618  
14 97.686 97.0659 21.5 168.654 0.429618  
15 97.686 97.0659 21.5 168.654 0.429618  
16 97.686 97.0659 21.5 168.654 0.429618  
17 97.686 97.0659 21.5 168.654 0.429618  
18 97.5851 97.1028 23.5 168.628 0.469582  
19 97.5204 97.0782 24.5 168.21 0.489565  
20 97.5204 97.0782 24.5 168.21 0.489565  
21 97.4667 97.1133 25 169.963 0.523744  
22 97.4667 97.1133 25 169.963 0.523744  
23 97.4667 97.1133 25 169.963 0.523744  
24 97.4667 97.1133 25 169.963 0.523744  
25 97.537 97.4852 22.5 174.484 0.4496  
26 97.537 97.4852 22.5 174.484 0.4496  
27 97.4512 97.3862 20.5 179.445 0.43811  
28 97.3296 97.1741 22.5 177.283 0.4496  
29 97.3296 97.1741 22.5 177.283 0.4496  
30 97.3296 97.1741 22.5 177.283 0.4496  
31 97.3837 97.2519 21.5 178.021 0.459482  
32 97.3837 97.345 21.5 178.993 0.459482  
33 97.3222 97.263 22.5 178.093 0.480853  
34 97.266 97.1454 23.5 176.899 0.502224  
35 97.266 97.1454 23.5 176.899 0.502224  
36 97.266 96.9752 23.5 175.468 0.502224  
37 97.3296 97.0407 22.5 176.209 0.4496  
38 96.1293 95.1575 46 151.217 0.182378  
39 96.3615 95.2715 51 153.027 0.224166  
40 96.5067 95.9444 46.5 153.518 0.202544  
41 96.5067 95.9444 46.5 153.518 0.202544  
42 97.0167 97.5073 43 157.176 0.170484  
43 97.775 100.417 20 6.5618 0.535586  
44 97.9286 102.205 17.5 9.63031 0.327676  
45 97.8333 103.579 21 7.79057 0.471297  
46 98.1963 105.663 22.5 3.33479 0.4496  
47 98.2376 105.656 23.5 3.40575 0.502224  
48 98.0128 106.611 19.5 177.688 0.400543  
49 98.0185 107.47 22.5 177.981 0.4496  
50 98.0185 107.47 22.5 177.981 0.4496  
51 98.0435 107.804 23 177.512 0.450823  
52 98.0435 107.804 23 177.512 0.450823  
53 98.0435 107.804 23 177.512 0.450823  
54 98.5 108 20 180 0.448855  
55 98.5171 108.944 19.5 175.628 0.460139  
56 98.875 109.317 20 171.313 0.448855  
57 98.9504 109.158 18.5 169.337 0.395368  
58 99.175 109.267 20 164.627 0.418996  
59 99.175 109.267 20 164.627 0.418996  
60 99.8561 107.054 48 175.062 0.217674  
61 100.117 108.056 48.5 171.087 0.205957  
62 99.9122 107.536 48.5 169.599 0.208581  
63 100.469 108.362 46 165.175 0.202189  
64 101.846 110.663 25.5 138.962 0.490379  
65 101.846 110.663 25.5 138.962 0.490379  
66 103 111.268 23 130.525 0.422703  
67 103.34 111.037 27 129.545 0.466201  
68 103.701 110.84 24 126.697 0.452893  
69 104 110.385 26 126.573 0.490634  
70 105.174 110.932 22 122.906 0.47409  
71 105.174 110.932 22 122.906 0.47409  
72 105.857 111.048 21 117.448 0.485273  
73 107.062 111.417 24 114.63 0.441081  
74 109.68 112.293 18.5 110.709 0.380002  
75 111.008 112.54 21 108.901 0.439945  
76 111.565 112.638 20.5 107.133 0.450781  
77 111.565 112.638 20.5 107.133 0.450781  
78 111.976 112.667 21 105.903 0.471297  
79 112.273 112.791 23.5 104.898 0.469582  
80 112.385 112.692 26 104.158 0.496085  
81 112.385 112.692 26 104.158 0.496085  
82 112.472 112.585 23.5 104.368 0.440023  
83 112.472 112.585 23.5 104.368 0.440023  
84 112.47 112.53 22.5 104.237 0.4496  
85 113.071 112.571 21 104.279 0.471297  
86 113.045 112.629 22 104.132 0.460895  
87 113.045 112.629 22 104.132 0.460895  
88 112.891 112.645 23 102.579 0.481845  
89 112.891 112.645 23 102.579 0.481845  
90 112.833 112.701 24 101.932 0.502795  
91 112.752 112.711 24.5 101.009 0.489565  
92 112.899 112.794 25.5 102.893 0.477471  
93 113.147 112.873 25 104.107 0.490025  
94 113.75 113.019 26 104.399 0.509626  
95 113.75 113.019 26 104.399 0.509626  
96 114.632 113.004 21.5 105.594 0.441624  
97 115.868 113.105 19 106.986 0.372419  
98 116.802 113.5 21 97.5075 0.37601  
99 117.881 113.571 21 100.812 0.439945  
100 118.678 113.415 21.5 95.8632 0.429618  
101 118.678 113.415 21.5 95.8632 0.429618  
102 119.018 113.482 19 91.8778 0.387119  
103 119.548 113.437 21 89.5435 0.427869  
104 120.15 113.449 19.5 90.5071 0.416739  
105 121.562 113.36 21.5 91.1002 0.429618  
106 119.225 113.251 45.5 96.06 0.187463  
107 119.225 113.251 45.5 96.06 0.187463  
108 122.167 113.667 27 88.9654 0.454561  
109 122.18 113.68 25 85.083 0.477005  
110 122.344 113.635 23.5 85.0652 0.440023  
111 123.313 113.614 20.5 90.5133 0.360424  
112 124.044 113.465 19 91.1556 0.426412  
113 124.044 113.465 19 91.1556 0.426412  
114 125.138 114.005 17.5 100.708 0.373997  
115 126.252 114.517 19.5 105.037 0.389654  
116 127.842 114.517 20 107.829 0.39202  
117 128.955 115.516 20.5 118.119 0.360424  
118 130.282 116.144 14.5 116.226 0.352564  
119 130.282 116.144 14.5 116.226 0.352564  
120 132.021 116.958 24 119.103 0.483442  
121 132.587 117.478 23 116.852 0.450823  
122 133.102 117.565 20.5 117.086 0.421084  
123 133.379 117.667 22 119.627 0.431222  
124 131.616 116.872 48 109.799 0.202027  
125 131.616 116.872 48 109.799 0.202027  
126 132.161 117.01 50.5 109.763 0.241834  
127 132.235 116.789 50 108.352 0.198237  
128 135.675 118.242 20 113.942 0.367568  
129 136.864 118.19 21.5 109.771 0.472771  
130 138.552 117.737 22.5 100.243 0.462165  
131 138.552 117.737 22.5 100.243 0.462165  
132 139.167 117.775 20 104.299 0.276485  
133 142.182 117.371 22 92.8711 0.448243  
134 144.252 117.312 19.5 88.6603 0.365125  
135 145.553 116.789 19 84.6977 0.372419  
136 146.781 116.667 19 80.6367 0.372419  
137 146.781 116.667 19 80.6367 0.372419  
138 147.663 116.484 20.5 85.8715 0.450781  
139 148.348 116.486 23 83.0476 0.450823  
140 149.457 116.507 23 82.7876 0.450823  
141 150.068 115.985 22 82.6694 0.370383  
142 150.826 115.735 22 81.7372 0.348898  
143 150.826 115.735 22 81.7372 0.348898  
144 151.139 115.521 24 78.7922 0.502795  
145 151.4 115.253 25 75.2513 0.45946  
146 151.738 115.058 24.5 72.8529 0.458747  
147 151.933 115.039 23.5 71.4192 0.469582  
148 151.993 115.022 23 71.062 0.411821  
149 151.993 115.022 23 71.062 0.411821  
150 151.993 114.899 23 70.4845 0.387219  
151 152.014 114.944 24 70.5147 0.404054  
152 152.014 114.944 24 70.5147 0.404054  
153 152.32 114.727 25 68.204 0.396475  
154 152.36 114.6 25 67.6775 0.42089  
155 152.36 114.6 25 67.6775 0.42089  
156 152.36 114.6 25 67.6775 0.42089  
157 152.315 114.759 22.5 68.6255 0.395587  
158 152.315 114.759 22.5 68.6255 0.395587  
159 152.287 114.911 23.5 71.7692 0.413168  
160 152.379 114.94 23.5 72.5164 0.413168  
161 152.379 114.94 23.5 72.5164 0.413168  
162 152.368 114.917 24 72.5471 0.404054  
163 152.368 114.917 24 72.5471 0.404054  
164 152.368 114.917 24 72.5471 0.404054  
165 152.368 114.917 24 72.5471 0.404054  
166 152.368 114.917 24 72.5471 0.404054  
167 152.368 114.917 24 72.5471 0.404054  
168 152.373 114.847 25 72.244 0.396475  
169 152.167 114.717 23 70.874 0.411821  
170 152.145 114.762 23.5 70.1553 0.440023  
171 152.045 114.736 20.5 71.0729 0.360424  
172 151.92 114.594 23 71.1989 0.397134  
173 152.12 114.469 21.5 68.2044 0.378005  
174 152.181 114.396 22.5 67.6059 0.421298  
175 152.28 114.294 23.5 66.3394 0.440023  
176 152.28 114.294 23.5 66.3394 0.440023  
177 152.28 114.294 23.5 66.3394 0.440023  
178 152.196 114.297 23 65.4571 0.450823  
179 152.196 114.297 23 65.4571 0.450823  
180 152.196 114.297 23 65.4571 0.450823  
181 152.196 114.297 23 65.4571 0.450823  
182 152.196 114.297 23 65.4571 0.450823  
183 151.962 114.346 26 66.9894 0.477838  
184 151.962 114.346 26 66.9894 0.477838  
185 151.962 114.346 26 66.9894 0.477838  
186 152.1 114.353 25 65.3513 0.490025  
187 152.079 114.336 26.5 67.2161 0.496196  
188 150.336 113.849 49 88.711 0.20262  
189 150.405 113.872 50 88.4927 0.222619  
190 151.088 114.114 54.5 87.4295 0.256112  
191 151.146 114.146 56 87.6189 0.291602  
192 151.41 114.173 57 87.7306 0.296809  
193 151.449 114.163 58 87.6965 0.312469  
194 151.801 113.983 49.5 86.2996 0.278912  
195 152.955 113.665 49 82.7524 0.26027  
196 155.278 112.697 19.5 54.8032 0.441376  
197 155.278 112.697 19.5 54.8032 0.441376  
198 155.714 112.393 28 48.942 0.444052  
199 156.977 111.424 22 51.3479 0.47409  
200 158.455 109.682 22 53.8775 0.508381  
201 158.659 109.37 23 49.2158 0.547488  
202 160.158 107.447 19 50.3714 0.525322  
203 160.158 107.447 19 50.3714 0.525322  
204 161.159 105.949 23 41.9619 0.547488  
205 161.341 105.643 21 41.3115 0.452541  
206 161.432 105.432 19.5 38.3173 0.428792  
207 161.728 105.093 20.5 39.4374 0.394227  
208 161.728 105.093 20.5 39.4374 0.394227  
209 161.728 105.093 20.5 39.4374 0.394227  
210 162.364 104.652 22 38.0517 0.404325  
211 162.864 104.114 22 41.5689 0.47409  
212 163.365 102.952 21 43.3281 0.485273  
213 164.561 101.591 22 44.5059 0.443155  
214 165.722 100.521 24 44.6604 0.359159  
215 165.722 100.521 24 44.6604 0.359159  
216 166.623 98.7609 23 40.4352 0.49564  
217 167.33 97.3367 24.5 33.1351 0.40524  
218 167.5 96.9306 24 33.7406 0.470424  
219 167.429 96.9113 23.5 31.5027 0.482706  
220 167.595 96.5272 24.5 31.0624 0.471149  
221 167.826 96.0682 22 28.9633 0.370383  
222 167.826 96.0682 22 28.9633 0.370383  
223 168.636 94.5682 22 29.1555 0.348898  
224 169.285 92.9583 24 26.8068 0.414401  
225 169.98 91.3533 25 22.5282 0.490025  
226 171.025 89.9833 20 23.0689 0.39202  
227 171.269 88.1496 19.5 22.7142 0.342842  
228 171.269 88.1496 19.5 22.7142 0.342842  
229 171.806 87.1036 18.5 22.6377 0.380002  
230 171.516 86.7016 21.5 16.8294 0.472771  
231 171.588 86.6579 19 16.0396 0.398046  
232 171.588 86.6579 19 16.0396 0.398046  
233 171.508 86.7 20 16.6345 0.418996  
234 171.508 86.7 20 16.6345 0.418996  
235 171.708 86.15 20 15.5088 0.418996  
236 171.864 85.9545 22 17.216 0.431222  
237 172.044 85.7585 24.5 18.2665 0.458747  
238 172.003 85.9626 24.5 18.5312 0.43075  
239 172.573 87.4183 53 2.57094 0.235977  
240 172.573 87.4183 53 2.57094 0.235977  
241 173.123 87.1051 54.5 3.86456 0.264522  
242 173.225 86.3327 54 5.81381 0.264613  
243 174.157 84.9651 55.5 11.0375 0.249381  
244 174.633 84.0067 49 12.4896 0.232443  
245 176.353 80.2533 25 48.2475 0.503585  
246 176.353 80.2533 25 48.2475 0.503585  
247 177.042 79.3333 20 50.2055 0.402868  
248 179.285 77.5963 22.5 48.96 0.547082  
249 180.199 76.3269 26 47.7492 0.477838  
250 181.232 75.7941 25.5 47.9981 0.577183  
251 181.788 75.1144 25.5 47.2627 0.577183  
252 181.788 75.1144 25.5 47.2627 0.577183  
253 182.79 74.2101 23 46.6223 0.463298  
254 182.79 74.2101 23 46.6223 0.463298  
255 182.862 74.1241 23.5 46.1118 0.423985  
256 181.49 75.6369 44.5 37.7354 0.180162  
257 182.315 74.2072 49 36.9211 0.2434  
258 182.315 74.2072 49 36.9211 0.2434  
259 182.32 73.7895 52.5 34.2078 0.26697  
260 182.628 73.1637 52 33.7876 0.249997  
261 182.616 73.1032 46 32.83 0.196065  
262 183.005 72.4615 50.5 29.5011 0.219967  
263 183.281 71.8874 49.5 27.2303 0.215611  
264 183.369 71.7232 48.5 26.7777 0.211255  
265 183.56 71.6019 45.5 23.3118 0.189815  
266 184.31 68.4048 21 17.9407 0.439945  
267 184.11 66.9752 23.5 18.1188 0.413168  
268 183.986 65.9685 18.5 12.7942 0.346401  
269 184.086 64.9144 18.5 9.261 0.469666  
270 184.086 64.9144 18.5 9.261 0.469666  
271 183.81 63.4048 21 7.44301 0.427869  
272 183.451 63.2398 20.5 1.75719 0.409636  
273 183.276 63.0578 24.5 2.3317 0.489565  
274 183.182 63.1818 22 1.58846 0.431222  
275 183.143 62.9762 21 3.20897 0.411621  
276 182.996 63.7033 20.5 178.97 0.383849  
277 183.339 65.0701 40 167.2 0.187244  
278 182.926 63.3641 44 165.823 0.219805  
279 182.806 63.192 43 166.933 0.180983  
280 182.481 63.1577 41.5 166.183 0.212246  
281 181.494 62.0656 43.5 165.435 0.199099  
282 181.494 62.0656 43.5 165.435 0.199099  
283 180.291 60.6357 40.5 161.618 0.174176  
284 178.964 57.9444 25.5 162.609 0.477471  
285 177.882 56.4594 20.5 152.672 0.450781  
286 177.222 55.7778 18 148.264 0.33967  
287 175.373 54.6508 21 141.766 0.452541  
288 175.373 54.6508 21 141.766 0.452541  
289 174.325 54.1053 19 141.529 0.349189  
290 173.777 53.0674 23.5 137.282 0.413168  
291 172.256 52.0259 22.5 133.499 0.50928  
292 171.568 51.5247 27 137.355 0.509504  
293 171.294 51.4716 23.5 139.696 0.423985  
294 171.294 51.4716 23.5 139.696 0.423985  
295 171.12 51.22 25 140.661 0.431668  
296 170.965 51.0833 24 141.904 0.441081  
297 171.049 51.0833 24 143.755 0.441081  
298 171.571 51.1738 23.5 147.256 0.482706  
299 171.599 51.1738 23.5 148.173 0.482706  
300 171.599 51.1738 23.5 148.173 0.482706  
301 171.812 51.0816 23.5 153.342 0.516749  
302 171.789 50.6926 22.5 157.393 0.432688  
303 171.833 49.8759 23.5 157.766 0.516749  
304 172.127 49.8175 21 163.508 0.411621  
305 172.211 49.4407 22.5 162.183 0.421298  
306 172.211 49.4407 22.5 162.183 0.421298  
307 172.112 48.9806 21.5 166.752 0.472771  
308 171.923 48.1306 18.5 170.017 0.395368  
309 171.902 47.8761 19.5 170.791 0.389654  
310 171.902 47.8761 19.5 170.791 0.389654  
311 171.902 47.8761 19.5 170.791 0.389654  
312 171.902 47.8761 19.5 170.791 0.389654  
313 171.902 47.8761 19.5 170.791 0.389654  
314 171.876 48.3632 19.5 172.291 0.389654  
315 171.876 48.3632 19.5 172.291 0.389654  
316 171.876 48.3632 19.5 172.291 0.389654  
317 171.876 48.3632 19.5 172.291 0.389654  
318 171.876 48.3632 19.5 172.291 0.389654  
319 171.869 48.6261 18.5 170.596 0.436542  
320 172.452 49.4524 21 175.058 0.439945  
321 172.349 49.5476 21 177.482 0.439945  
322 172.508 50.3 20 175.392 0.418996  
323 172.792 50.35 20 1.47675 0.418996  
324 172.792 50.35 20 1.47675 0.418996  
325 173.095 50.7778 21 13.4452 0.471297  
326 173.66 51.1538 26 6.92387 0.544694  
327 174.242 51.9167 22 17.1838 0.304134  
328 174.205 52.1515 22 33.662 0.460895  
329 174.559 52.232 25.5 32.879 0.523787  
330 174.559 52.232 25.5 32.879 0.523787  
331 175.121 52.9697 33 38.6651 0.555574  
332 175.744 54.6044 52.5 129.451 0.254815  
333 175.982 54.8569 58.5 128.891 0.303377  
334 175.676 54.9661 62 129.404 0.391001  
335 176.052 54.6431 61 134.73 0.3708  
336 176.052 54.6431 61 134.73 0.3708  
337 176.136 54.6396 61.5 134.899 0.413649  
338 176.765 55.4487 49.5 127.532 0.327712  
339 177.014 55.385 52.5 128.481 0.322566  
340 179.568 55.3594 53.5 23.1118 0.341095  
341 180.263 55.7903 51.5 36.2244 0.28026  
342 180.263 55.7903 51.5 36.2244 0.28026  
343 180.671 55.535 55.5 45.565 0.278368  
344 183.212 54.2838 18.5 92.295 0.406803  
345 185.224 54.3762 17.5 95.9658 0.412945  
346 186.874 54.3687 16.5 94.7611 0.389348  
347 188.771 54.5417 16 89.8943 0.428468  
348 188.771 54.5417 16 89.8943 0.428468  
349 189.38 54.4829 19.5 89.3922 0.446751  
350 189.626 54.482 18.5 89.3273 0.469666  
351 190 54.5 20 90 0.448855  
352 190.254 54.5 19 90 0.457922  
353 190.833 54.1159 23 84.4158 0.481845  
354 190.833 54.1159 23 84.4158 0.481845  
355 191.396 54.2259 22.5 79.9626 0.395587  
356 191.659 54.2536 23 77.0564 0.411821  
357 192.472 54.039 23.5 74.5861 0.440023  
358 192.792 53.75 24 74.0952 0.404054  
359 193.182 53.553 22 76.5883 0.460895  
360 193.182 53.553 22 76.5883 0.460895  
361 193.093 53.5444 22.5 73.4787 0.421298  
362 193.614 53.1591 22 68.686 0.370383  
363 193.614 53.1591 22 68.686 0.370383  
364 193.459 52.9959 20.5 71.2625 0.360424  
365 193.337 53.0691 20.5 68.2306 0.360424  
366 193.337 53.0691 20.5 68.2306 0.360424  
367 193.663 52.7519 22.5 63.9192 0.421298  
368 194.485 52.2259 22.5 57.3107 0.395587  
369 194.963 51.9383 27 55.7698 0.496217  
370 195 51.7467 25 59.7671 0.45946  
371 195.379 51.4015 22 56.2953 0.460895  
372 195.379 51.4015 22 56.2953 0.460895  
373 195.47 51.4924 22 59.0378 0.460895  
374 195.368 51.4457 21.5 56.9141 0.378005  
375 195.368 51.4457 21.5 56.9141 0.378005  
376 195.674 51.4924 22 61.1696 0.431222  
377 195.645 51.8333 23 62.0593 0.422703  
378 195.645 51.8333 23 62.0593 0.422703  
379 195.556 51.8333 24 62.7517 0.470424  
380 195.477 52.0659 21.5 66.7969 0.402574  
381 196.205 52.1434 21.5 67.7235 0.402574  
382 196.111 52.1984 21 68.2847 0.411621  
383 195.73 52.381 21 68.3124 0.385946  
384 195.73 52.381 21 68.3124 0.385946  
385 195.513 52.7222 25.5 71.1102 0.477471  
386 195.554 52.8741 24.5 73.8768 0.458747  
387 195.196 53.0185 22.5 75.3097 0.421298  
388 195.405 53.2551 24.5 81.5354 0.458747  
389 195.412 53.3491 26.5 81.2498 0.496196  
390 195.412 53.3491 26.5 81.2498 0.496196  
391 195.152 53.6812 23 86.8662 0.438845  
392 195.152 53.6812 23 86.8662 0.438845  
393 195.174 53.7624 23.5 85.2941 0.502224  
394 195.174 53.7624 23.5 85.2941 0.502224  
395 195.236 53.7481 21.5 85.4278 0.429618  
396 195.236 53.7481 21.5 85.4278 0.429618  
397 195.236 53.7481 21.5 85.4278 0.429618  
398 195.136 53.7803 22 84.7003 0.419764  
399 195.159 53.7955 22 84.414 0.393916  
400 195.159 53.7955 22 84.414 0.393916  
401 195.13 53.7536 23 84.5945 0.438845  
402 195.13 53.7536 23 84.5945 0.438845  
403 195.13 53.7536 23 84.5945 0.438845  
404 195.13 53.7536 23 84.5945 0.438845  
405 195.018 53.7199 23.5 85.6541 0.456987  
406 195.041 53.7593 22.5 85.5216 0.410353  
407 194.992 53.7857 21 84.4225 0.400684  
408 194.992 53.7857 21 84.4225 0.400684  
409 194.992 53.7857 21 84.4225 0.400684  
410 194.992 53.7857 21 84.4225 0.400684  
411 194.992 53.7857 21 84.4225 0.400684  
412 194.992 53.7857 21 84.4225 0.400684  
413 194.878 53.9148 22.5 84.8211 0.4496  
414 194.878 53.9148 22.5 84.8211 0.4496  
415 194.73 53.9815 22.5 85.5786 0.480853  
416 194.956 54.1803 24.5 85.1932 0.489565  
417 194.863 54.2852 22.5 86.203 0.4496  
418 194.463 54.5889 22.5 90.0132 0.4496  
419 194.28 54.5851 23.5 90.1445 0.440023  
420 194.493 54.8265 24.5 87.2341 0.489565  
421 194.493 54.8265 24.5 87.2341 0.489565  
422 194.493 54.8265 24.5 87.2341 0.489565  
423 194.34 54.8667 25 88.518 0.490025  
424 194.548 54.9788 27.5 90.4564 0.549511  
425 194.241 55.0741 27 93.9882 0.550117  
426 194.015 55.0091 27.5 96.3113 0.549511  
427 194.015 55.0091 27.5 96.3113 0.549511  
428 194.053 55.1867 25 97.4553 0.42089  
429 193.805 55.266 23.5 100.174 0.440023  
430 193.981 55.3444 22.5 98.2678 0.395587  
431 192.147 54.8269 48 113.729 0.230767  
432 192.013 55.0125 52 116.007 0.280144  
433 192.013 55.0125 52 116.007 0.280144  
434 192.25 55.5603 54 119.695 0.277299  
435 191.923 55.8428 52 122.576 0.280144  
436 192.597 56.4798 50.5 126.391 0.2568  
437 192.613 57.1088 49.5 131.383 0.251715  
438 193.432 58.6098 53.5 136.79 0.28535  
439 193.432 58.6098 53.5 136.79 0.28535  
440 192.8 58.5829 50 138.079 0.269369  
441 193.203 60.0282 51 141.612 0.217376  
442 194.011 61.927 46 144.935 0.172097  
443 193.985 62.0195 47 145.35 0.202884  
444 196.947 66.8984 20.5 151.418 0.498453  
445 196.881 66.8016 21 150.891 0.452541  
446 197.934 68.4612 21.5 150.08 0.563067  
447 199.289 70.2398 20.5 145.269 0.498453  
448 199.94 70.9214 26.5 138.132 0.559755  
449 200.582 71.534 24.5 139.534 0.517509  
450 200.953 71.84 25 137.689 0.503585  
451 200.953 71.84 25 137.689 0.503585  
452 201.18 72.1405 25.5 139.452 0.538632  
453 201.023 72.2955 22 140.442 0.47409  
454 201.384 72.7246 23 138.166 0.49564  
455 201.5 72.68 25 137.868 0.490025  
456 201.663 72.8268 25.5 135.136 0.523787  
457 201.663 72.8268 25.5 135.136 0.523787  
458 201.772 72.8401 24.5 136.392 0.503246  
459 201.848 72.8333 23.5 136.167 0.413168  
460 201.949 72.4524 24.5 136.388 0.471149  
461 202.262 72.7381 24.5 132.275 0.471149  
462 202.262 72.7381 24.5 132.275 0.471149  
463 202.262 72.7381 24.5 132.275 0.471149  
464 202.213 72.74 25 131.838 0.431668  
465 202.34 72.8067 25 132.21 0.45946  
466 202.269 72.8141 26 131.738 0.477838  
467 202.379 73.1312 23.5 128.204 0.440023  
468 202.412 73.0034 24.5 128.939 0.503246  
469 202.412 73.0034 24.5 128.939 0.503246  
470 202.917 73.4514 24 121.594 0.441081  
471 203.801 74.2398 20.5 122.922 0.46401  
472 206 75.5 22 120.791 0.431222  
473 207.325 75.6583 20 121.64 0.39202  
474 208.764 76.4457 21.5 107.658 0.507333  
475 208.764 76.4457 21.5 107.658 0.507333  
476 210.23 77.0248 23.5 109.619 0.482706  
477 210.585 77.0812 19.5 112.791 0.428792  
478 211.46 77.38 25 111.847 0.45946  
479 211.315 77.537 27 112.119 0.496217  
480 211.315 77.537 27 112.119 0.496217  
481 211.315 77.537 27 112.119 0.496217  
482 211.315 77.537 27 112.119 0.496217  
483 211.481 77.5769 26 112.936 0.477838  
484 211.393 77.6447 26.5 110.186 0.465913  
485 211.393 77.6447 26.5 110.186 0.465913  
486 211.393 77.6447 26.5 110.186 0.465913  
487 211.393 77.6447 26.5 110.186 0.465913  
488 211.397 77.6939 27.5 110.383 0.483495  
489 211.397 77.6939 27.5 110.383 0.483495  
490 211.397 77.6939 27.5 110.383 0.483495  
491 211.397 77.6939 27.5 110.383 0.483495  
492 211.397 77.6939 27.5 110.383 0.483495  
493 211.397 77.6939 27.5 110.383 0.483495  
494 211.397 77.6939 27.5 110.383 0.483495  
495 211.431 77.7579 26.5 109.85 0.465913  
496 211.431 77.7579 26.5 109.85 0.465913  
497 211.506 77.8394 27.5 110.847 0.483495  
498 211.506 77.8394 27.5 110.847 0.483495  
499 211.506 77.8394 27.5 110.847 0.483495  
500 211.506 77.8394 27.5 110.847 0.483495  
501 211.619 77.9403 26.5 109.265 0.496196  
502 211.619 77.9403 26.5 109.265 0.496196  
503 211.393 77.9465 26.5 110.743 0.465913  
504 211.393 77.9465 26.5 110.743 0.465913  
505 211.16 77.8819 24 113.098 0.441081  
506 211.248 78.0185 22.5 113.835 0.49476  
507 211.216 78.0603 23.5 113.721 0.516749  
508 211.115 78.0852 22.5 115.326 0.421298  
509 210.961 77.961 23.5 116.812 0.413168  
510 210.961 77.961 23.5 116.812 0.413168  
511 211.105 78.085 24.5 118.211 0.43075  
512 211.105 78.085 24.5 118.211 0.43075  
513 211.105 78.085 24.5 118.211 0.43075  
514 210.896 78.1111 24 119.844 0.441081  
515 210.917 78.3403 24 121.987 0.441081  
516 210.917 78.3403 24 121.987 0.441081  
517 210.917 78.3403 24 121.987 0.441081  
518 210.917 78.3403 24 121.987 0.441081  
519 210.613 78.3085 23.5 121.705 0.451918  
520 210.514 78.2464 23 121.672 0.463298  
521 210.616 78.4932 24.5 126.249 0.471149  
522 210.575 78.5748 24.5 125.71 0.471149  
523 210.575 78.5748 24.5 125.71 0.471149  
524 210.37 78.529 23 127.617 0.463298  
525 210.318 78.553 22 127.836 0.443155  
526 210.375 78.7153 24 128.975 0.483442  
527 210.375 78.7153 24 128.975 0.483442  
528 210.46 78.8467 25 130.242 0.503585  
529 210.46 78.8467 25 130.242 0.503585  
530 210.46 78.8467 25 130.242 0.503585  
531 210.568 79.0238 24.5 128.868 0.503246  
532 210.568 79.0238 24.5 128.868 0.503246  
533 210.568 79.0238 24.5 128.868 0.503246  
534 210.568 79.0238 24.5 128.868 0.503246  
535 210.486 78.8972 23.5 127.506 0.482706  
536 210.565 78.9348 23 128.067 0.49564  
537 210.917 79.1736 24 126.814 0.483442  
538 211.08 79.2464 23 124.683 0.450823  
539 211.08 79.2464 23 124.683 0.450823  
540 211.08 79.2464 23 124.683 0.450823  
541 211.08 79.2464 23 124.683 0.450823  
542 211.18 79.3912 24.5 125.665 0.43075  
543 211.08 79.2464 23 124.683 0.450823  
544 211.015 79.2576 22 125.068 0.431222  
545 211.015 79.2576 22 125.068 0.431222  
546 211.015 79.2576 22 125.068 0.431222  
547 211.015 79.2576 22 125.068 0.431222  
548 211.015 79.2576 22 125.068 0.431222  
549 211.015 79.2576 22 125.068 0.431222  
550 211.089 79.3372 21.5 124.217 0.441624  
551 211.089 79.3372 21.5 124.217 0.441624  
552 211.089 79.3372 21.5 124.217 0.441624  
553 210.848 79.1812 23 124.102 0.422703  
554 210.82 79.2867 25 124.335 0.45946  
555 210.917 79.4236 24 122.441 0.441081  
556 210.917 79.3819 24 123.698 0.441081  
557 210.67 79.2755 24.5 123.782 0.471149  
558 210.67 79.2755 24.5 123.782 0.471149  
559 210.67 79.2755 24.5 123.782 0.471149  
560 210.479 79.2361 24 126.247 0.517189  
561 210.336 79.2673 26.5 126.658 0.544327  
562 210.337 79.422 23.5 130.063 0.451918  
563 209.854 79.5068 24.5 132.065 0.554549  
564 209.364 79.3636 22 136.331 0.443155  
565 209.364 79.3636 22 136.331 0.443155  
566 209.152 79.5355 23.5 141.533 0.482706  
567 208.626 79.7519 22.5 148.21 0.421298  
568 208.095 79.9524 21 153.73 0.485273  
569 207.918 80.1028 23.5 153.044 0.482706  
570 207.781 80.2185 22.5 153.391 0.462165  
571 207.781 80.2185 22.5 153.391 0.462165  
572 207.997 80.4456 24.5 151.21 0.471149  
573 208.114 80.5654 25.5 149.799 0.490379  
574 208.13 80.3074 22.5 148.232 0.432688  
575 208.109 80 23 146.442 0.49564  
576 208.109 80 23 146.442 0.49564  
577 208.109 80 23 146.442 0.49564  
578 208.103 80.0461 23.5 146.859 0.482706  
579 208.26 80.12 25 144.975 0.490025  
580 208.512 80.2917 28 143.02 0.514595  
581 208.573 80.2091 27.5 140.283 0.483495  
582 208.696 80.1667 25.5 140.78 0.448332  
583 208.696 80.1667 25.5 140.78 0.448332  
584 208.696 80.1667 25.5 140.78 0.448332  
585 208.588 80.2891 24.5 143.489 0.43075  
586 208.588 80.2891 24.5 143.489 0.43075  
587 208.588 80.2891 24.5 143.489 0.43075  
588 208.588 80.2891 24.5 143.489 0.43075  
589 208.588 80.2891 24.5 143.489 0.43075  
590 208.52 80.5 25 143.804 0.471763  
591 208.225 80.1957 23 146.201 0.463298  
592 208.159 80.0926 22.5 146.054 0.50928  
593 208.32 80.5 25 148.654 0.503585  
594 208.368 80.4167 24 149.434 0.441081  
595 208.368 80.4167 24 149.434 0.441081  
596 208.04 80.119 21 152.499 0.385946  
597 207.944 80.1581 19.5 153.066 0.365125  
598 207.746 80.1522 23 152.06 0.422703  
599 207.737 80.3074 22.5 152.701 0.432688  
600 207.47 80.1741 22.5 154.266 0.432688  
601 207.47 80.1741 22.5 154.266 0.432688  
602 207.069 80.0833 24 158.279 0.470424  
603 206.722 79.8333 18 160.044 0.415948  
604 206.5 80.0556 18 165.564 0.415948  
605 206.199 80.752 20.5 169.848 0.43811  
606 205.996 81.344 23.5 174.792 0.440023  
607 205.996 81.344 23.5 174.792 0.440023  
608 205.7 81.55 20 176.224 0.448855  
609 205.7 81.55 20 176.224 0.448855  
610 205.427 81.8333 20.5 179.003 0.409636  
611 205.427 81.8333 20.5 179.003 0.409636  
612 205.427 81.8333 20.5 179.003 0.409636  
613 205.427 81.8333 20.5 179.003 0.409636  
614 205.427 81.8333 20.5 179.003 0.409636  
615 205.851 82.2895 19 173.33 0.372419  
616 205.898 82.2778 18 173.318 0.352818  
617 205.929 82.1762 17.5 171.948 0.327676  
618 206.033 82.119 17.5 170.37 0.349689  
619 206.194 82.2222 18 170.638 0.377096  
620 206.194 82.2222 18 170.638 0.377096  
621 206.194 82.2222 18 170.638 0.377096  
622 206.194 82.2222 18 170.638 0.377096  
623 206.367 82.6 20 167.794 0.39202  
624 206.367 82.6 20 167.794 0.39202  
625 206.367 82.6 20 167.794 0.39202  
626 206.361 82.5556 18 166.066 0.377096  
627 206.395 82.5 19 166.327 0.398046  
628 206.395 82.5 19 166.327 0.398046  
629 206.421 82.3684 19 165.121 0.398046  
630 206.409 82.2273 22 165.459 0.431222  
631 206.409 82.2273 22 165.459 0.431222  
632 206.492 82.0041 20.5 164.168 0.450781  
633 206.517 81.8761 19.5 162.907 0.428792  
634 206.517 81.8761 19.5 162.907 0.428792  
635 206.762 81.9286 21 157.069 0.452541  
636 206.795 81.4845 21.5 159.059 0.441624  
637 207.043 81.1522 23 151.587 0.422703  
638 207.091 81.0909 22 151.099 0.404325  
639 207.182 80.6364 22 147.411 0.508381  
640 207.333 80.2576 22 145.641 0.443155  
641 207.656 80.0887 23.5 136.195 0.531914  
642 207.741 79.7624 23.5 136.851 0.531914  
643 208.096 79.4787 23.5 129.258 0.482706  
644 208.096 79.4787 23.5 129.258 0.482706  
645 208.183 79.0041 20.5 121.844 0.421084  
646 208.398 78.7585 24.5 121.687 0.503246  
647 208.545 78.3712 22 115.41 0.508381  
648 209.53 78.1074 22.5 112.748 0.4496  
649 210.065 77.8551 23 99.3762 0.450823  
650 210.065 77.8551 23 99.3762 0.450823  
651 210.581 77.1815 22.5 91.4672 0.4496  
652 211.097 76.4792 24 80.76 0.470424  
653 211.5 76.0764 24 72.8506 0.441081  
654 211.925 75.8595 25.5 71.5447 0.42178  
655 211.925 75.8595 25.5 71.5447 0.42178  
656 211.925 75.8595 25.5 71.5447 0.42178  
657 211.643 75.6905 28 73.0941 0.419019  
658 211.643 75.6905 28 73.0941 0.419019  
659 211.643 75.6905 28 73.0941 0.419019  
660 211.685 75.6358 27 69.6933 0.428193  
661 211.685 75.6358 27 69.6933 0.428193  
662 211.685 75.6358 27 69.6933 0.428193  
663 211.685 75.6358 27 69.6933 0.428193  
664 211.518 75.631 28 71.5495 0.444052  
665 211.518 75.631 28 71.5495 0.444052  
666 211.593 75.5432 27 72.7203 0.428193  
667 211.593 75.5432 27 72.7203 0.428193  
668 211.593 75.5432 27 72.7203 0.428193  
669 211.593 75.5432 27 72.7203 0.428193  
670 211.615 75.3485 27.5 73.2534 0.454861  
671 211.023 75.3954 25.5 71.0919 0.448332  
672 211.038 75.3077 26 69.0062 0.477838  
673 210.643 74.875 28 59.2518 0.514595  
674 210.643 74.875 28 59.2518 0.514595  
675 210.365 74.7436 26 55.4002 0.560288  
676 210.225 74.1536 25.5 47.1516 0.538632  
677 209.962 74.0897 26 43.0588 0.560288  
678 209.248 74.063 22.5 40.6689 0.462165  
679 209.119 73.2064 21 28.6175 0.411621  
680 209.119 73.2064 21 28.6175 0.411621  
681 208.216 73.2943 23.5 24.6317 0.516749  
682 207.739 72.4829 19.5 16.3463 0.428792  
683 207.2 71.6 20 6.39558 0.448855  
684 206.175 69.9797 20.5 170.057 0.483736  
685 205.263 69.263 22.5 166.06 0.4496  
686 205.263 69.263 22.5 166.06 0.4496  
687 204.663 68.752 20.5 163.937 0.409636  
688 204.632 68.7868 21.5 164.074 0.429618  
689 204.432 69.4545 22 163.282 0.460895  
690 204.405 69.5476 21 162.571 0.439945  
691 204.405 69.5476 21 162.571 0.439945  
692 204.405 69.5476 21 162.571 0.439945  
693 204.194 69.375 24 161.076 0.470424  
694 204.194 69.375 24 161.076 0.470424  
695 204.194 69.375 24 161.076 0.470424  
696 204.194 69.375 24 161.076 0.470424  
697 203.826 69.3582 23.5 157.069 0.482706  
698 203.826 69.3582 23.5 157.069 0.482706  
699 203.604 69.5296 22.5 151.093 0.432688  
700 203.329 69.1581 19.5 151.43 0.400543  
701 203.4 69.55 20 149.878 0.402868  
702 203.322 69.4845 21.5 150.179 0.413457  
703 203.381 69.5952 21 150.038 0.423012  
704 203.381 69.5952 21 150.038 0.423012  
705 203.089 69.4858 23.5 146.574 0.423985  
706 203.08 69.7 25 146.378 0.471763  
707 202.962 69.5385 26 146.059 0.490634  
708 202.954 69.9326 23.5 143.487 0.451918  
709 202.907 69.9519 22.5 143.582 0.432688  
710 202.907 69.9519 22.5 143.582 0.432688  
711 202.819 70.1087 23 140.078 0.463298  
712 202.684 70.3865 23.5 134.422 0.451918  
713 202.613 70.4149 23.5 132.868 0.451918  
714 202.323 70.7624 23.5 129.851 0.440023  
715 202.13 70.8185 22.5 131.044 0.50928  
716 202.13 70.8185 22.5 131.044 0.50928  
717 202.106 71.1894 22 124.537 0.47409  
718 201.437 71.5 21 119.573 0.452541  
719 201.069 71.7708 24 113.15 0.470424  
720 199.961 71.7837 23.5 107.789 0.482706  
721 200.046 71.9184 23.5 107.116 0.516749  
722 200.046 71.9184 23.5 107.116 0.516749  
723 200.022 72.1304 23 105.74 0.450823  
724 200.182 72.2197 22 104.162 0.460895  
725 200.196 72.2609 23 104.331 0.516183  
726 200.196 72.2609 23 104.331 0.516183  
727 200.25 72.3333 24 105.264 0.538625  
728 200.25 72.3333 24 105.264 0.538625  
729 200.25 72.3333 24 105.264 0.538625  
730 200.25 72.3333 24 105.264 0.538625  
731 199.956 72.1258 24.5 106.836 0.489565  
732 200.016 72.1993 25.5 107.755 0.509547  
733 200.016 72.1993 25.5 107.755 0.509547  
734 200.016 72.1993 25.5 107.755 0.509547  
735 200.016 72.1993 25.5 107.755 0.509547  
736 199.859 72.0425 25.5 108.119 0.509547  
737 199.859 72.0425 25.5 108.119 0.509547  
738 199.94 72.04 25 109.038 0.523744  
739 199.94 72.04 25 109.038 0.523744  
740 199.94 72.04 25 109.038 0.523744  
741 199.94 72.04 25 109.038 0.523744  
742 199.94 72.04 25 109.038 0.523744  
743 199.94 72.04 25 109.038 0.523744  
744 199.94 72.04 25 109.038 0.523744  
745 199.94 72.04 25 109.038 0.523744  
746 199.94 72.04 25 109.038 0.523744  
747 199.94 72.04 25 109.038 0.523744  
748 199.94 72.04 25 109.038 0.523744  
749 199.94 72.04 25 109.038 0.523744  
750 199.94 72.04 25 109.038 0.523744  
751 199.874 72.2143 24.5 105.484 0.458747  
752 199.874 72.2143 24.5 105.484 0.458747  
753 199.874 72.2143 24.5 105.484 0.458747  
754 199.874 72.2143 24.5 105.484 0.458747  
755 199.875 72.4653 24 103.291 0.502795  
756 199.875 72.4653 24 103.291 0.502795  
757 199.935 72.529 23 102.487 0.481845  
758 199.935 72.529 23 102.487 0.481845  
759 199.909 72.5909 22 102.652 0.49374  
760 200 72.8917 20 98.0342 0.448855  
761 199.293 73.1148 22.5 92.5776 0.421298  
762 198.882 73.2805 20.5 88.6936 0.383849  
763 198.882 73.2805 20.5 88.6936 0.383849  
764 198.911 73.3217 21.5 88.9193 0.429618  
765 198.204 73.7074 22.5 85.6334 0.480853  
766 198.34 73.8333 25 87.044 0.477005  
767 198.34 73.8333 25 87.044 0.477005  
768 198.408 73.8987 25.5 89.1482 0.509547  
769 198.571 73.9894 23.5 87.7898 0.413168  
770 198.487 73.9837 25.5 87.8072 0.477471  
771 198.487 73.9837 25.5 87.8072 0.477471  
772 198.487 73.9837 25.5 87.8072 0.477471  
773 198.487 73.9837 25.5 87.8072 0.477471  
774 198.364 74.0306 24.5 88.9334 0.43075  
775 198.364 74.0306 24.5 88.9334 0.43075  
776 198.364 74.0306 24.5 88.9334 0.43075  
777 198.271 73.8922 25.5 86.5985 0.448332  
778 198.271 73.8922 25.5 86.5985 0.448332  
779 198.193 73.9183 25.5 87.8546 0.509547  
780 198.318 73.8522 26.5 86.2228 0.496196  
781 198.318 73.8522 26.5 86.2228 0.496196  
782 198.318 73.8522 26.5 86.2228 0.496196  
783 198.318 73.8522 26.5 86.2228 0.496196  
784 198.574 73.8519 27 88.146 0.529227  
785 198.574 73.8519 27 88.146 0.529227  
786 198.574 73.8519 27 88.146 0.529227  
787 198.375 73.7361 24 88.7144 0.457925  
788 198.375 73.7361 24 88.7144 0.457925  
789 198.252 73.6473 21.5 89.264 0.459482  
790 198.252 73.6473 21.5 89.264 0.459482  
791 198.252 73.6473 21.5 89.264 0.459482  
792 198.252 73.6473 21.5 89.264 0.459482  
793 198.252 73.6473 21.5 89.264 0.459482  
794 198.252 73.6473 21.5 89.264 0.459482  
795 198.5 73.5652 23 87.2052 0.438845  
796 198.5 73.5652 23 87.2052 0.438845  
797 198.364 73.6288 22 88.6271 0.448243  
798 198.5 73.9167 26 89.3823 0.465537  
799 198.212 73.8268 25.5 87.8996 0.509547  
800 198.212 73.8268 25.5 87.8996 0.509547  
801 198.45 73.978 26.5 90.4369 0.496196  
802 198.45 73.978 26.5 90.4369 0.496196  
803 199.826 73.0575 48.5 59.5412 0.211255  
804 199.233 73.0489 52 61.2607 0.228561  
805 196.682 73.6894 22 93.0852 0.460895  
806 196.682 73.6894 22 93.0852 0.460895  
807 195.881 73.4619 17.5 92.9379 0.444278  
808 193.841 72.9394 22 103.823 0.460895  
809 193.075 72.85 20 107.034 0.418996  
810 190.796 72.137 22.5 114.973 0.421298  
811 189.149 70.9737 19 118.309 0.439057  
812 189.149 70.9737 19 118.309 0.439057  
813 187.406 70.0072 23 120.53 0.450823  
814 186.228 69.5476 24.5 119.304 0.503246  
815 185.301 69.5284 23.5 119.864 0.482706  
816 184.706 69.2801 23.5 123.618 0.482706  
817 183.833 68.4116 24.5 124.207 0.517509  
818 183.291 68.1899 21.5 121.756 0.413457  
819 183.291 68.1899 21.5 121.756 0.413457  
820 183.069 68.0772 20.5 122.583 0.421084  
821 183.069 68.0772 20.5 122.583 0.421084  
822 183.04 68.0952 21 122.938 0.452541  
823 182.561 67.5682 22 119.898 0.47409  
824 181.961 67.4433 23.5 122.292 0.482706  
825 181.961 67.4433 23.5 122.292 0.482706  
826 181.69 67.6292 24.5 118.92 0.503246  
827 181.404 67.4407 22.5 121.517 0.462165  
828 181.596 67.5962 26 118.461 0.437725  
829 182.256 67.9002 50 101.29 0.270962  
830 180.84 67.6438 25.5 117.323 0.523787  
831 180.84 67.6438 25.5 117.323 0.523787  
832 180.574 67.537 27 116.413 0.496217  
833 179.861 67.6769 24.5 114.649 0.43075  
834 178.295 67.2424 22 111.256 0.431222  
835 177.481 67.1852 18 102.954 0.377096  
836 174.599 67.2117 18.5 102.937 0.406803  
837 174.599 67.2117 18.5 102.937 0.406803  
838 172.5 66.7083 24 103.543 0.457925  
839 170.675 66.746 21 103.549 0.353547  
840 168.581 66.3374 20.5 98.9725 0.409636  
841 166.841 65.937 22.5 91.9802 0.530929  
842 164.825 65.0854 20.5 100.36 0.383849  
843 164.825 65.0854 20.5 100.36 0.383849  
844 163.818 64.9394 22 103.14 0.348898  
845 163.244 64.9103 26 104.482 0.412334  
846 162.978 64.8986 23 103.684 0.450823  
847 162.5 64.9167 28 104.029 0.471396  
848 162.188 64.7553 23.5 102.557 0.3887  
849 162.078 64.6769 24.5 103.732 0.43075  
850 161.677 64.5567 23.5 105.284 0.413168  
851 161.677 64.5567 23.5 105.284 0.413168  
852 161.694 64.4225 21.5 111.294 0.429618  
853 161.694 64.4225 21.5 111.294 0.429618  
854 161.448 64.1471 25.5 112.879 0.448332  
855 161.323 64.1531 24.5 114.059 0.43075  
856 160.69 63.9626 24.5 118.861 0.458747  
857 159.485 63.6852 22.5 118.48 0.462165  
858 157.518 62.8684 19 112.338 0.439057  
859 155.47 62.2955 22 118.451 0.404325  
860 153.805 61.4929 23.5 119.36 0.440023  
861 153.805 61.4929 23.5 119.36 0.440023  
862 152.071 60.4286 21 121.723 0.396281  
863 151.32 60.02 25 120.8 0.45946  
864 150.609 59.7313 24.5 119.661 0.471149  
865 149.917 59.1458 24 124.003 0.483442  
866 149.371 58.9354 24.5 126.518 0.503246  
867 149.282 59 26 126.702 0.509626  
868 149.088 58.8856 25.5 129.365 0.448332  
869 149.088 58.8856 25.5 129.365 0.448332  
870 149.118 58.7848 27.5 129.348 0.483495  
871 149.225 58.7339 28.5 130.322 0.501077  
872 149.225 58.7339 28.5 130.322 0.501077  
873 149.225 58.7339 28.5 130.322 0.501077  
874 149.344 58.7177 24.5 133.032 0.43075  
875 150.636 59.9803 48 125.763 0.190308  
876 150.17 59.8245 52 127.144 0.254813  
877 149.897 59.6273 55 130.385 0.296306  
878 149.671 59.3889 51.5 131.386 0.294446  
879 149.635 59.3068 51 130.899 0.29463  
880 149.457 59.0483 51 132.457 0.29463  
881 149.276 58.6759 48.5 135.14 0.277294  
882 148.962 58.1616 50.5 136.474 0.26558  
883 149.097 58.2067 49 136.317 0.273279  
884 148.721 57.6541 50.5 136.022 0.288729  
885 148.721 57.6541 50.5 136.022 0.288729  
886 148.532 56.9681 53 137.853 0.27598  
887 148.344 56.9512 49 136.478 0.225135  
888 146.13 54.3148 22.5 148.469 0.462165  
889 145.353 52.7868 21.5 151.459 0.486645  
890 145.005 50.6532 18.5 163.222 0.436542  
891 145.005 50.6532 18.5 163.222 0.436542  
892 144.95 49.1577 18.5 169.337 0.395368  
893 144.711 47.1491 19 174.155 0.426412  
894 144.775 45.3667 20 172.76 0.448855  
895 144.714 44.2619 21 174.68 0.37601  
896 144.703 44.126 20.5 174.622 0.409636  
897 144.703 44.126 20.5 174.622 0.409636  
898 144.762 44.119 21 173.401 0.439945  
899 144.771 43.9961 21.5 174.21 0.429618  
900 144.7 43.65 20 175.577 0.448855  
901 145.603 46.4204 45.5 157.811 0.195679  
902 145.652 46.3255 50.5 160.322 0.219967  
903 145.652 46.3255 50.5 160.322 0.219967  
904 145.397 45.5764 49 162.075 0.215375  
905 145.197 45.6304 47.5 163.475 0.206899  
906 145.08 45.1785 52.5 166.938 0.263321  
907 145.137 44.7152 48 167.325 0.246488  
908 145.081 44.8348 46 167.909 0.244335  
909 145.081 44.8348 46 167.909 0.244335  
910 145.288 44.1309 48 169.757 0.243103  
911 145.521 42.5632 52 173.39 0.228561  
912 145.75 42.0599 49 174.835 0.208852  
913 146.239 38.2391 23 11.9579 0.481845  
914 146.603 36.9444 21 12.8388 0.439945  
915 146.603 36.9444 21 12.8388 0.439945  
916 147.3 35.1933 25 14.2685 0.447631  
917 147.422 34.655 21.5 15.2752 0.472771  
918 148.062 33.2124 25.5 16.9573 0.523787  
919 148.312 31.3542 24 14.8424 0.457925  
920 148.365 31.0897 26 11.8215 0.496085  
921 148.365 31.0897 26 11.8215 0.496085  
922 148.454 30.2908 25.5 11.3138 0.509547  
923 148.598 29.8399 25.5 10.9254 0.411469  
924 148.625 29.65 20 12.5957 0.418996  
925 148.386 30.0203 20.5 0.39592 0.383849  
926 147.703 29.7602 20.5 173.482 0.43811  
927 147.703 29.7602 20.5 173.482 0.43811  
928 146.668 31.2042 51 1.73453 0.286145  
929 146.69 31.439 47.5 176.963 0.235009  
930 146.828 30.4228 48 173.705 0.235212  
931 145.604 26.9593 22.5 148.312 0.432688  
932 144.545 25.8636 22 148.283 0.443155  
933 144.545 25.8636 22 148.283 0.443155  
934 143.667 24.6746 21 146.906 0.452541  
935 143.167 23.7846 20.5 148.582 0.394227  
936 142.142 22.2886 20.5 149.689 0.394227  
937 141.9 21.75 20 152.706 0.39202  
938 141.535 21.4716 23.5 149.213 0.451918  
939 141.396 21.3074 22.5 149.033 0.432688  
940 141.229 21.3889 24 147.344 0.441081  
941 140.72 20.9113 23.5 145.207 0.451918  
942 140.479 21.0625 24 145.673 0.517189  
943 140.479 21.0625 24 145.673 0.517189  
944 140.412 20.9762 24.5 145.375 0.471149  
945 140.412 20.9762 24.5 145.375 0.471149  
946 140.193 20.768 25.5 142.529 0.42178  
947 141.443 22.4099 46 136.432 0.20481  
948 141.296 22.7967 47 135.322 0.225959  
949 141.261 22.7974 46 135.375 0.231649  
950 140.765 22.2188 46.5 135.61 0.21168  
951 140.765 22.2188 46.5 135.61 0.21168  
952 140.198 21.5152 47.5 136.083 0.189  
953 137.24 18.4667 25 137.517 0.503585  
954 136.125 17.7361 24 140.629 0.441081  
955 135.413 17.0867 25 139.392 0.538739  
956 134.885 16.6154 26 140.605 0.560288  
957 134.885 16.6154 26 140.605 0.560288  
958 134.524 16.0939 27.5 145.166 0.454861  
959 133.881 15.534 24.5 145.131 0.471149  
960 133.848 15.4704 22.5 147.042 0.432688  
961 134.115 15.4704 22.5 143.94 0.432688  
962 135.224 16.6236 45 138.702 0.219278  
963 135.224 16.6236 45 138.702 0.219278  
964 135.177 16.42 46 138.235 0.23953  
965 135.261 15.7018 44.5 139.089 0.277611  
966 134.468 14.8693 46.5 138.702 0.279666  
967 133.939 13.9282 46.5 139.303 0.265859  
968 133.995 13.985 53 137.634 0.27598  
969 133.995 13.985 53 137.634 0.27598  
970 133.242 13.197 47.5 136.301 0.216232  
971 132.392 12.5636 42 135.541 0.148517  
972 129.741 10.0461 23.5 140.51 0.451918  
973 129.688 9.94444 24 141.337 0.414401  
974 129.741 10.0461 23.5 140.51 0.451918  
975 129.741 10.0461 23.5 140.51 0.451918  
976 129.727 10.3485 22 140.414 0.404325  
977 129.575 10.5068 24.5 141.211 0.503246  
978 129.599 10.6348 23.5 139.79 0.482706  
979 129.599 10.6348 23.5 139.79 0.482706  
980 129.674 10.7222 24 139.777 0.441081  
981 129.674 10.7222 24 139.777 0.441081  
982 129.891 10.9359 26 139.627 0.477838  
983 131.049 11.5872 48 123.42 0.198485  
984 130.789 11.5062 47 123.658 0.233466  
985 130.679 11.5123 45.5 124.235 0.228212  
986 130.753 11.5366 45.5 124.037 0.228212  
987 130.753 11.5366 45.5 124.037 0.228212  
988 130.815 11.7106 43.5 124.327 0.181471  
989 130.981 11.8656 45.5 124.98 0.189815  
990 130.981 11.8656 45.5 124.98 0.189815  
991 131.277 12.1015 49.5 125.184 0.222421  
992 131.631 12.2817 48.5 125.123 0.224921  
993 131.631 12.2817 48.5 125.123 0.224921  
994 131.631 12.2817 48.5 125.123 0.224921  
995 131.631 12.2817 48.5 125.123 0.224921  
996 131.325 12.1431 44.5 126.693 0.209119  
997 131.377 12.1172 49 126.693 0.235574  
998 131.506 12.0665 47 126.566 0.225959  
999 131.506 12.0665 47 126.566 0.225959  
1000 131.453 11.979 46 127.123 0.244335  
1001 131.453 11.979 46 127.123 0.244335  
1002 131.379 12.0813 48.5 126.409 0.263934  
1003 131.606 12.4661 48.5 124.249 0.273278  
1004 131.606 12.4661 48.5 124.249 0.273278  
1005 131.606 12.4661 48.5 124.249 0.273278  
1006 131.676 13.1901 45 121.33 0.242432  
1007 131.362 13.1721 46 119.133 0.256548  
1008 131.281 13.2906 49 117.44 0.255152  
1009 131.453 13.813 46 114.03 0.236218  
1010 129.182 12.9394 22 120.156 0.404325  
1011 129.182 12.9394 22 120.156 0.404325  
1012 128.761 12.913 23 118.448 0.397134  
1013 127.956 13.2007 24.5 114.299 0.43075  
1014 127.422 13.727 23.5 105.244 0.413168  
1015 126.531 13.9186 21.5 104.033 0.507333  
1016 126.015 14.1591 22 97.2739 0.49374  
1017 125.717 14.3217 21.5 98.791 0.507333  
1018 125.717 14.3217 21.5 98.791 0.507333  
1019 125.935 14.2609 23 96.4437 0.481845  
1020 125.045 14.3455 20.5 93.9222 0.483736  
1021 125.136 14.5 22 90.927 0.431222  
1022 124.625 14.625 20 92.1091 0.448855  
1023 124.233 14.8867 25 88.1529 0.490025  
1024 124.233 14.8867 25 88.1529 0.490025  
1025 123.886 15.0425 25.5 88.5856 0.509547  
1026 123.886 15.0425 25.5 88.5856 0.509547  
1027 123.861 14.9966 24.5 88.3524 0.458747  
1028 123.731 15.1218 26 86.3558 0.496085  
1029 123.644 15.1471 25.5 87.0588 0.509547  
1030 123.644 15.1471 25.5 87.0588 0.509547  
1031 123.609 15.1054 24.5 86.7857 0.458747  
1032 122.96 15.373 21 87.9012 0.439945  
1033 121.746 15.7246 23 83.0854 0.481845  
1034 120.959 16.1444 22.5 81.2012 0.395587  
1035 119.319 16.4333 17.5 85.4726 0.384813  
1036 119.319 16.4333 17.5 85.4726 0.384813  
1037 117.132 17.1579 19 81.3356 0.372419  
1038 116.318 17.5682 22 80.3553 0.460895  
1039 115.935 17.9638 23 77.3118 0.481845  
1040 114.841 18.2364 21.5 82.7547 0.459482  
1041 114.87 18.1815 22.5 82.4104 0.480853  
1042 114.87 18.1815 22.5 82.4104 0.480853  
1043 114.663 18.2037 22.5 83.8951 0.480853  
1044 114.663 18.2037 22.5 83.8951 0.480853  
1045 114.461 18.2364 21.5 84.3123 0.459482  
1046 113.893 18.137 22.5 83.84 0.4496  
1047 112.855 18.1099 23.5 89.4207 0.469582  
1048 112.855 18.1099 23.5 89.4207 0.469582  
1049 112.337 18.5325 20.5 91.9331 0.409636  
1050 111.415 18.4402 19.5 93.0302 0.389654  
1051 110 18.3333 18 95.5739 0.433821  
1052 108.466 18.3376 19.5 95.9371 0.389654  
1053 107.5 18.2583 20 93.7422 0.39202  
1054 107.5 18.2583 20 93.7422 0.39202  
1055 106.368 18.1899 21.5 93.3848 0.429618  
1056 105.405 18.0159 21 96.6673 0.411621  
1057 104.752 18.063 22.5 96.1675 0.395587  
1058 103.867 17.925 20 99.5384 0.39202  
1059 103.752 17.8984 20.5 99.7888 0.360424  
1060 103.752 17.8984 20.5 99.7888 0.360424  
1061 102.944 17.9762 21 99.4919 0.411621  
1062 101.944 17.9762 21 99.4919 0.411621  
1063 101.175 18.0641 19.5 98.5145 0.342842  
1064 99.8137 18.0784 17 98.8009 0.356146  
1065 98.2778 17.9907 18 99.0406 0.303041  
