 	  ( )	  ( )	 	 	 	 ( = ,  = ,  = )
10 88.1583 81.875 20 63.3976 0.39202 
11 88.313 81.687 20.5 60.5507 0.498453 
12 88.9444 81.4596 16.5 55.4121 0.432121 
13 89.8838 81.3384 16.5 52.1688 0.432121 
14 89.9775 81.4369 18.5 52.5002 0.484499 
15 89.8838 81.3384 16.5 52.1688 0.432121 
16 89.8048 81.319 17.5 52.7249 0.45831 
17 89.8048 81.319 17.5 52.7249 0.45831 
18 89.6053 81.6053 19 49.0342 0.439057 
19 89.6053 81.6053 19 49.0342 0.439057 
20 89.6 81.525 20 48.4859 0.462165 
21 89.3095 81.6825 21 47.6156 0.452541 
22 89.3095 81.6825 21 47.6156 0.452541 
23 89.3095 81.6825 21 47.6156 0.452541 
24 89.6304 81.4638 23 43.4023 0.49564 
25 90.1818 81.7727 22 30.8759 0.47409 
26 90.1739 81.8913 23 29.7451 0.49564 
27 89.9148 82.7519 22.5 18.481 0.49476 
28 89.7868 83.7248 21.5 14.891 0.378005 
29 89.7868 83.7248 21.5 14.891 0.378005 
30 89.8561 83.7273 22 16.4797 0.431222 
31 89.6138 84.8008 20.5 6.83096 0.409636 
32 89.6966 85.5342 19.5 175.372 0.460139 
33 90.0227 85.7045 22 167.056 0.419764 
34 90.7114 86.6057 20.5 159.635 0.360424 
35 90.7114 86.6057 20.5 159.635 0.360424 
36 91.1818 86.7121 22 148.586 0.404325 
37 91.447 86.9394 22 147.92 0.379868 
38 92.6171 88.7845 46 151.217 0.182378 
39 93.0372 88.7612 51 153.027 0.224166 
40 93.1671 89.2635 46.5 153.518 0.202544 
41 93.1671 89.2635 46.5 153.518 0.202544 
42 94.0531 90.4927 43 157.176 0.170484 
43 93.1377 88.1304 23 139.175 0.397134 
44 93.8643 88.7946 21.5 136.44 0.413457 
45 93.9228 88.687 20.5 136.66 0.421084 
46 94.1597 88.8681 24 133.739 0.483442 
47 94.1597 88.8681 24 133.739 0.483442 
48 94.058 88.9638 23 137.373 0.397134 
49 94.2642 88.9797 20.5 138.744 0.369859 
50 95.0039 89.4225 21.5 139.143 0.486645 
51 95.9074 90.537 22.5 137.786 0.462165 
52 96.7095 91.5 17.5 138.934 0.396106 
53 96.7095 91.5 17.5 138.934 0.396106 
54 97.8496 92.687 20.5 141.313 0.46401 
55 98.7391 94 23 140.178 0.463298 
56 98.9348 94.6087 23 138.616 0.49564 
57 99.1222 95.6481 22.5 149.997 0.432688 
58 98.95 96.25 20 154.103 0.402868 
59 98.95 96.25 20 154.103 0.402868 
60 99.2065 99.6684 48 175.062 0.217674 
61 98.9309 100.566 48.5 171.087 0.205957 
62 98.5311 100.075 48.5 169.599 0.208581 
63 98.5745 101.247 46 165.175 0.202189 
64 97.5926 99.1296 18 13.0767 0.352818 
65 97.5926 99.1296 18 13.0767 0.352818 
66 96.5571 100.71 17.5 18.3023 0.307679 
67 96.3547 101.175 19.5 14.6514 0.389654 
68 96.3376 101.415 19.5 14.2866 0.389654 
69 96.0088 102.5 19 10.3732 0.3402 
70 95.7632 103.254 19 7.28574 0.426412 
71 95.7632 103.254 19 7.28574 0.426412 
72 95.5 103.576 22 0.510849 0.393916 
73 95.5325 104.736 20.5 170.5 0.360424 
74 95.6204 105.593 18 169.178 0.377096 
75 95.9186 106.609 21.5 165.245 0.378005 
76 96.1154 106.876 19.5 160.755 0.400543 
77 96.1154 106.876 19.5 160.755 0.400543 
78 96.7593 107.663 22.5 158.614 0.421298 
79 96.7523 107.788 18.5 151.855 0.406803 
80 97.2273 108.727 22 148.649 0.508381 
81 97.8101 109.453 21.5 144.519 0.413457 
82 97.9296 109.648 22.5 145.078 0.405943 
83 97.9296 109.648 22.5 145.078 0.405943 
84 97.805 109.472 23.5 145.059 0.423985 
85 97.8 109.58 25 145.677 0.471763 
86 97.7624 109.259 23.5 146.133 0.366342 
87 97.781 109.121 25.5 146.802 0.39752 
88 97.6844 108.677 23.5 143.531 0.423985 
89 97.6844 108.677 23.5 143.531 0.423985 
90 98.2292 108.861 24 141.931 0.483442 
91 98.6515 108.848 22 135.417 0.431222 
92 99.0194 109.066 21.5 132.002 0.486645 
93 99.2037 109.174 22.5 130.566 0.462165 
94 99.2536 109.152 23 127.376 0.422703 
95 99.2536 109.152 23 127.376 0.422703 
96 100.35 109.4 20 120.332 0.462165 
97 100.36 109.184 19 114.436 0.372419 
98 101.921 109.693 19 105.122 0.349189 
99 103.142 109.988 20.5 103.191 0.421084 
100 104.252 110.252 21.5 104.721 0.355619 
101 104.252 110.252 21.5 104.721 0.355619 
102 106.201 110.779 24.5 101.756 0.458747 
103 106.833 110.744 26 104.732 0.509626 
104 107.645 111.201 19.5 101.448 0.428792 
105 109.64 112.184 19 110.15 0.372419 
106 111.783 112.467 45.5 96.06 0.187463 
107 111.783 112.467 45.5 96.06 0.187463 
108 110.438 112.833 24 113.987 0.441081 
109 110.569 113.521 24 119.211 0.404054 
110 110.682 113.55 26.5 117.976 0.465913 
111 110.667 113.481 27 115.62 0.496217 
112 111.017 113.517 29 111.949 0.459911 
113 111.017 113.517 29 111.949 0.459911 
114 110.955 113.394 20.5 111.202 0.383849 
115 111.601 113.43 21.5 107.176 0.378005 
116 112.297 113.362 23 98.4873 0.411821 
117 112.817 113.397 21 95.9395 0.439945 
118 114.357 113.532 21 91.0438 0.400684 
119 114.357 113.532 21 91.0438 0.400684 
120 115.75 113.743 24 92.5141 0.488993 
121 116.881 113.563 21 92.3268 0.400684 
122 119.595 113.563 21 90.8967 0.427869 
123 120.727 113.629 22 92.1867 0.448243 
124 124.572 114.344 48 109.799 0.202027 
125 124.572 114.344 48 109.799 0.202027 
126 125.407 114.591 50.5 109.763 0.241834 
127 125.145 114.444 50 108.352 0.198237 
128 123.446 113.969 24.5 93.2379 0.43075 
129 123.635 113.996 23.5 96.7693 0.379197 
130 124.212 114.41 18.5 102.782 0.369671 
131 124.212 114.41 18.5 102.782 0.369671 
132 125.212 114.302 18.5 104.099 0.369671 
133 126.955 115.273 22 116.344 0.431222 
134 128.573 116.321 20.5 119.002 0.394227 
135 129.833 117.088 17 125.392 0.342438 
136 130.224 117.462 17.5 126.455 0.425508 
137 130.224 117.462 17.5 126.455 0.425508 
138 131.509 118.466 19.5 126.639 0.351817 
139 132.995 119.338 16.5 127.982 0.401194 
140 133.5 120.313 20.5 128.806 0.394227 
141 133.446 120.771 21.5 134.581 0.441624 
142 133.553 121.895 19 147.227 0.409442 
143 133.553 121.895 19 147.227 0.409442 
144 133.104 121.923 18.5 147.29 0.380002 
145 133.428 122.887 18.5 145.76 0.418741 
146 133.325 123.767 20 149.094 0.430991 
147 133.126 124.045 20.5 161.37 0.421084 
148 133 125 23 170.798 0.438845 
149 133 125 23 170.798 0.438845 
150 132.321 125.419 20.5 175.591 0.409636 
151 132.069 125.292 12 178.732 0.244496 
152 131.63 124.917 18 179.684 0.343444 
153 131.567 124.975 20 179.889 0.381604 
154 131.5 124.754 21 180 0.427869 
155 131.5 124.754 21 180 0.427869 
156 131.517 124.38 19.5 179.392 0.446751 
157 131.632 123.816 19 175.722 0.398046 
158 131.667 123.5 19 175.691 0.426412 
159 132.023 124.03 22 167.849 0.460895 
160 132.381 124.024 21 162.24 0.439945 
161 132.381 124.024 21 162.24 0.439945 
162 132.826 124.204 22.5 153.492 0.462165 
163 133.362 124.589 20.5 141.167 0.46401 
164 133.647 124.655 21.5 135.727 0.387901 
165 134.032 124.642 23.5 128.763 0.423985 
166 134.446 124.153 24.5 113.072 0.458747 
167 134.446 124.153 24.5 113.072 0.458747 
168 134.909 123.803 22 103.398 0.404325 
169 136.072 123.681 23 93.1632 0.387219 
170 136.773 123.295 19.5 84.5537 0.365125 
171 137.069 122.971 17 76.5373 0.312433 
172 136.815 122.482 18.5 69.1138 0.406803 
173 136.815 122.482 18.5 69.1138 0.406803 
174 136.977 122.113 18.5 64.9898 0.436542 
175 136.833 122 18 60.5043 0.377096 
176 136.645 121.38 19.5 46.6834 0.365125 
177 136.781 121.144 22.5 42.3144 0.50928 
178 136.981 120.048 22.5 32.8571 0.421298 
179 136.981 120.048 22.5 32.8571 0.421298 
180 137.302 119.968 18.5 28.1738 0.380002 
181 138.086 118.268 16.5 28.3995 0.432121 
182 139.069 116.679 20.5 27.0788 0.483736 
183 139.575 116.017 20 27.6892 0.367568 
184 140.384 114.326 23 33.7317 0.450823 
185 140.384 114.326 23 33.7317 0.450823 
186 141.063 113.885 22.5 33.7336 0.432688 
187 141.579 113.643 21 40.5145 0.485273 
188 144.338 113.988 49 88.711 0.20262 
189 144.428 114.034 50 88.4927 0.222619 
190 144.762 114.403 54.5 87.4295 0.256112 
191 144.818 114.414 56 87.6189 0.291602 
192 145.082 114.429 57 87.7306 0.296809 
193 145.12 114.423 58 87.6965 0.312469 
194 145.482 114.397 49.5 86.2996 0.278912 
195 146.494 114.491 49 82.7524 0.26027 
196 143.948 114.69 17.5 89.0098 0.384813 
197 143.948 114.69 17.5 89.0098 0.384813 
198 144.746 114.658 19 94.9995 0.426412 
199 145.815 114.815 18 96.8356 0.377096 
200 146.026 115.053 19 99.9769 0.472005 
201 147.15 115.108 20 100.551 0.418996 
202 147.725 115.653 18.5 103.653 0.406803 
203 147.725 115.653 18.5 103.653 0.406803 
204 149.637 116.312 19.5 102.952 0.365125 
205 149.833 116.395 19 95.03 0.426412 
206 150.595 116.3 17.5 92.9005 0.412945 
207 152.554 116.124 15.5 78.0896 0.365751 
208 153.805 116.033 17.5 78.7643 0.384813 
209 153.805 116.033 17.5 78.7643 0.384813 
210 154.485 115.659 22 70.1032 0.47409 
211 154.452 115.278 21 62.3178 0.485273 
212 155.508 114.175 20.5 52.0195 0.360424 
213 156.228 113.614 19 50.2077 0.372419 
214 156.556 112.23 21 32.4854 0.452541 
215 156.556 112.23 21 32.4854 0.452541 
216 156.874 111.118 20.5 24.6913 0.536878 
217 157.056 110.252 19.5 24.5353 0.510688 
218 158.004 108.868 19.5 26.219 0.474138 
219 159.143 107.066 21.5 23.2362 0.441624 
220 159.467 106.321 20.5 25.0337 0.394227 
221 159.585 105.981 21.5 28.8861 0.486645 
222 159.585 105.981 21.5 28.8861 0.486645 
223 159.913 105.326 23 26.5533 0.450823 
224 160.456 104.991 26.5 32.3957 0.438321 
225 161.146 104.432 24.5 38.8807 0.471149 
226 161.806 104.316 24.5 43.9795 0.503246 
227 162.63 103.167 23 44.8954 0.397134 
228 162.63 103.167 23 44.8954 0.397134 
229 164.18 101.997 24.5 46.7929 0.43075 
230 165.742 101.598 22 53.9422 0.329229 
231 167.033 100.795 17.5 56.7755 0.289457 
232 167.806 100.364 24.5 59.6273 0.43075 
233 168.88 99.531 21.5 55.8156 0.472771 
234 168.88 99.531 21.5 55.8156 0.472771 
235 170.298 98.2597 21.5 49.3352 0.292493 
236 171.307 97.0037 22.5 45.2034 0.395587 
237 171.907 96.4185 22.5 39.0169 0.363061 
238 172.207 96.1585 20.5 34.4919 0.450781 
239 172.289 93.7452 53 2.57094 0.235977 
240 172.289 93.7452 53 2.57094 0.235977 
241 172.696 93.424 54.5 3.86456 0.264522 
242 172.602 92.4575 54 5.81381 0.264613 
243 172.819 91.8307 55.5 11.0375 0.249381 
244 173.109 90.8912 49 12.4896 0.232443 
245 172.706 93.5709 23.5 14.5857 0.469582 
246 172.705 93.3333 22 16.3035 0.460895 
247 172.809 92.9228 20.5 11.8844 0.483736 
248 173.004 92.1068 19.5 10.6327 0.495053 
249 173.167 91.3095 21 11.0162 0.439945 
250 173.492 90.4919 20.5 15.6001 0.536878 
251 173.95 89.2 20 9.86014 0.418996 
252 173.95 89.2 20 9.86014 0.418996 
253 174.286 87.5855 19.5 13.6703 0.389654 
254 174.466 86.3376 19.5 17.6944 0.510688 
255 175.158 84.8158 19 13.8245 0.426412 
256 176.911 81.5579 44.5 37.7354 0.180162 
257 177.998 79.9561 49 36.9211 0.2434 
258 177.998 79.9561 49 36.9211 0.2434 
259 178.115 79.9787 52.5 34.2078 0.26697 
260 178.423 79.4517 52 33.7876 0.249997 
261 178.558 79.3968 46 32.83 0.196065 
262 179.262 79.0798 50.5 29.5011 0.219967 
263 179.739 78.7759 49.5 27.2303 0.215611 
264 179.878 78.6445 48.5 26.7777 0.211255 
265 180.612 78.4457 45.5 23.3118 0.189815 
266 181.02 80.6301 20.5 47.411 0.360424 
267 181.9 79.7167 20 49.3949 0.282889 
268 182.585 79.3062 21.5 46.4014 0.355619 
269 183.765 78.197 22 42.3039 0.431222 
270 183.765 78.197 22 42.3039 0.431222 
271 184.204 77.863 22.5 43.1813 0.608165 
272 185.146 77.0578 24.5 35.6345 0.471149 
273 185.554 76.2279 24.5 32.9618 0.471149 
274 185.368 75.7481 21.5 22.4955 0.402574 
275 185.329 75.5684 19.5 14.7157 0.342842 
276 185.321 75.6197 19.5 15.1566 0.365125 
277 184.927 72.0133 40 167.2 0.187244 
278 184.778 70.651 44 165.823 0.219805 
279 184.574 70.7615 43 166.933 0.180983 
280 184.286 70.4528 41.5 166.183 0.212246 
281 183.437 69.5015 43.5 165.435 0.199099 
282 183.437 69.5015 43.5 165.435 0.199099 
283 182.792 68.1256 40.5 161.618 0.174176 
284 183.563 71.5 21 153.173 0.385946 
285 183.086 70.7523 18.5 154.044 0.406803 
286 183.07 70.0614 19 153.873 0.372419 
287 182.548 68.5667 17.5 160.323 0.495056 
288 182.548 68.5667 17.5 160.323 0.495056 
289 182.206 67.3254 21 163.335 0.37601 
290 182.032 66.0045 18.5 158.854 0.32526 
291 182.158 64.9474 19 162.064 0.426412 
292 181.884 63.6616 16.5 168.528 0.418891 
293 182.275 62.9054 18.5 179.739 0.346401 
294 182.275 62.9054 18.5 179.739 0.346401 
295 182.727 62.0909 22 3.91983 0.49374 
296 182.833 62.0667 20 7.13261 0.418996 
297 182.931 61.9472 20.5 6.88512 0.383849 
298 183.143 62.2143 21 7.91559 0.506124 
299 183.41 62.5991 18.5 22.5284 0.523345 
300 183.41 62.5991 18.5 22.5284 0.523345 
301 183.938 62.6238 17.5 34.7305 0.45831 
302 184.484 62.6938 21.5 39.1829 0.472771 
303 185.053 62.3862 20.5 44.4484 0.46401 
304 185.888 62.3062 21.5 45.9133 0.441624 
305 186.205 62.6085 21.5 55.0136 0.378005 
306 186.425 62.3583 20 58.1836 0.39202 
307 186.267 62.7667 20 62.4912 0.462165 
308 186.917 62.6852 18 66.374 0.330811 
309 186.818 62.7171 21.5 68.2164 0.472771 
310 186.578 62.6938 21.5 65.191 0.472771 
311 186.237 62.9386 19 57.2002 0.486748 
312 186.237 62.9386 19 57.2002 0.486748 
313 185.698 63.0766 18.5 52.3916 0.484499 
314 185.48 63.1768 16.5 47.3657 0.48235 
315 185.63 62.6301 20.5 37.9964 0.450781 
316 185.217 62.5417 20 29.7069 0.418996 
317 185.532 61.3095 21 19.5359 0.439945 
318 185.532 61.3095 21 19.5359 0.439945 
319 184.958 61.15 20 11.5737 0.448855 
320 184.75 60.95 20 1.13489 0.448855 
321 184.31 60.0238 24.5 169.048 0.43075 
322 183.979 59.8761 19.5 168.529 0.460139 
323 183.417 59.7273 22 157.021 0.508381 
324 183.417 59.7273 22 157.021 0.508381 
325 182.759 59.1296 13.5 129.841 0.353554 
326 182.229 59.3217 21.5 125.419 0.387901 
327 182.392 59.4417 20 128.303 0.402868 
328 182.325 59.4048 21 124.999 0.452541 
329 181.954 59.6631 23.5 121.3 0.451918 
330 181.954 59.6631 23.5 121.3 0.451918 
331 181.957 59.7464 23 119.346 0.49564 
332 179.859 57.9829 52.5 129.451 0.254815 
333 180.038 58.1203 58.5 128.891 0.303377 
334 179.603 58.1845 62 129.404 0.391001 
335 179.445 57.9962 61 134.73 0.3708 
336 179.445 57.9962 61 134.73 0.3708 
337 179.519 58.0027 61.5 134.899 0.413649 
338 179.676 57.6792 49.5 127.532 0.327712 
339 179.859 57.6404 52.5 128.481 0.322566 
340 178.255 58.4381 53.5 23.1118 0.341095 
341 178.258 58.5301 51.5 36.2244 0.28026 
342 178.258 58.5301 51.5 36.2244 0.28026 
343 177.872 58.2819 55.5 45.565 0.278368 
344 177.408 59.9837 25.5 118.55 0.477471 
345 176.78 59.9867 25 121.007 0.538739 
346 176.768 60.3105 25.5 123.595 0.490379 
347 175.975 59.8972 23.5 133.378 0.496386 
348 175.975 59.8972 23.5 133.378 0.496386 
349 175.54 59.2222 21 132.801 0.537985 
350 174.625 58.1181 24 147.246 0.441081 
351 173.633 56.7667 20 153.314 0.430991 
352 173.31 55.373 21 167.657 0.333039 
353 173.425 53.8833 20 168.055 0.39202 
354 173.425 53.8833 20 168.055 0.39202 
355 173.608 52.4462 15.5 175.816 0.393504 
356 174.039 51.2647 17 8.4711 0.381526 
357 174.491 50.235 19.5 17.6745 0.428792 
358 175.183 49.7276 20.5 23.3461 0.421084 
359 175.702 49.9496 21.5 26.6846 0.378005 
360 175.702 49.9496 21.5 26.6846 0.378005 
361 177.028 48.7708 24 38.4879 0.441081 
362 177.81 48.5543 21.5 45.4752 0.486645 
363 178.391 48.407 21.5 51.5493 0.413457 
364 179 48.6304 23 64.6295 0.422703 
365 178.781 49.0407 22.5 62.1139 0.372159 
366 178.781 49.0407 22.5 62.1139 0.372159 
367 179.654 48.8496 20.5 65.7785 0.394227 
368 180.355 48.8932 19.5 61.0319 0.374996 
369 180.617 48.9865 18.5 66.6371 0.380002 
370 181.023 48.2955 22 56.1016 0.379868 
371 180.635 48.3974 26 47.9848 0.477838 
372 180.635 48.3974 26 47.9848 0.477838 
373 180.492 48.0891 21.5 43.3521 0.355619 
374 180.595 47.4841 21 31.8992 0.452541 
375 180.413 47.2381 21 22.8559 0.485273 
376 179.913 46.8478 23 4.15515 0.516183 
377 179.278 46.6349 21 176.293 0.471297 
378 179.278 46.6349 21 176.293 0.471297 
379 178.808 46.4316 19.5 162.297 0.365125 
380 178.213 46.3915 21.5 153.163 0.472771 
381 177.644 46.0152 22 144.603 0.508381 
382 177.568 46.6591 22 126.717 0.523684 
383 177.303 46.5598 19.5 118.672 0.474138 
384 177.303 46.5598 19.5 118.672 0.474138 
385 176.004 46.5085 19.5 113.28 0.428792 
386 176.748 47.1762 17.5 109.647 0.384813 
387 175.897 46.9823 23.5 104.009 0.482706 
388 175.758 47.017 24.5 102.38 0.471149 
389 175.881 47.0238 24.5 103.977 0.503246 
390 175.881 47.0238 24.5 103.977 0.503246 
391 176.107 47.0037 22.5 105.329 0.49476 
392 175.56 46.7137 19.5 111.438 0.400543 
393 175.08 45.9867 25 113.813 0.490025 
394 174.411 45.3699 20.5 120.283 0.450781 
395 173.667 45.1319 24 123.275 0.441081 
396 173.667 45.1319 24 123.275 0.441081 
397 172.683 43.9379 25.5 123.263 0.490379 
398 172.159 43.3939 22 125.845 0.47409 
399 172.959 43.7741 22.5 131.759 0.547082 
400 173.492 43.7846 20.5 146.302 0.498453 
401 174.15 43.047 19.5 164.129 0.460139 
402 174.15 43.047 19.5 164.129 0.460139 
403 174.356 41.4667 15 176.886 0.275676 
404 174.667 41.5652 23 8.60735 0.481845 
405 175.204 41.9 22.5 27.2299 0.372159 
406 175.944 41.4145 19.5 33.592 0.400543 
407 176.833 41.6591 22 52.1551 0.415152 
408 176.833 41.6591 22 52.1551 0.415152 
409 177.466 41.8878 24.5 62.6539 0.595712 
410 177.617 42.4099 18.5 77.7699 0.418741 
411 177.981 42.9031 21.5 92.7321 0.507333 
412 178.333 43.3796 18 99.9004 0.387892 
413 179.295 44.7045 22 119.503 0.348898 
414 179.295 44.7045 22 119.503 0.348898 
415 179.571 45.1667 21 127.963 0.452541 
416 179.197 45.1818 22 131.677 0.404325 
417 179.197 45.1818 22 131.677 0.404325 
418 178.727 45 22 139.755 0.48786 
419 178.601 45.6085 21.5 154.424 0.413457 
420 178.617 45.7583 20 158.749 0.418996 
421 178.484 45.8089 20.5 158.948 0.450781 
422 178.863 46.1296 22.5 155.082 0.462165 
423 179.432 47.0606 22 149.733 0.404325 
424 180.118 47.9472 20.5 144.616 0.421084 
425 180.553 48.5 19 143.08 0.372419 
426 181.217 48.9203 23 139.437 0.397134 
427 181.217 48.9203 23 139.437 0.397134 
428 181.779 49.3372 21.5 138.373 0.355619 
429 182.047 49.7051 19.5 136.546 0.374996 
430 182.905 50.4048 21 136.846 0.452541 
431 185.728 52.0134 48 113.729 0.230767 
432 185.981 52.0773 52 116.007 0.280144 
433 185.981 52.0773 52 116.007 0.280144 
434 186.244 52.1434 54 119.695 0.277299 
435 186.231 52.2149 52 122.576 0.280144 
436 186.852 52.2562 50.5 126.391 0.2568 
437 187.29 52.43 49.5 131.383 0.251715 
438 188.584 53.4619 53.5 136.79 0.28535 
439 188.584 53.4619 53.5 136.79 0.28535 
440 188.06 53.3171 50 138.079 0.269369 
441 188.346 53.913 51 141.612 0.217376 
442 189.33 55.2759 46 144.935 0.172097 
443 189.618 55.7181 47 145.35 0.202884 
444 189.523 54.5758 22 129.056 0.443155 
445 189.523 54.5758 22 129.056 0.443155 
446 190.343 55.4308 26.5 136.379 0.50961 
447 191.426 56.3704 27 133.795 0.543872 
448 192.028 57.2639 24 139.587 0.483442 
449 192.598 58.1818 22 144.253 0.47409 
450 192.927 59.0556 19.5 154.865 0.322538 
451 192.925 59.2 20 154.325 0.367568 
452 192.5 59.7745 17 157.89 0.333217 
453 192.257 61.1036 18.5 167.511 0.346401 
454 191.795 62.9095 17.5 177.777 0.327676 
455 191.698 64.6171 18.5 176.679 0.298517 
456 191.578 65.2364 21.5 1.70201 0.392115 
457 191.578 65.2364 21.5 1.70201 0.392115 
458 191.543 66.9017 19.5 178.538 0.416739 
459 191.386 67.7105 19 175.201 0.398046 
460 191.758 69.0303 22 170.034 0.370383 
461 191.896 70.1937 18.5 161.366 0.406803 
462 192.175 70.5325 20.5 156.897 0.394227 
463 192.175 70.5325 20.5 156.897 0.394227 
464 192.386 70.8984 20.5 153.052 0.360424 
465 192.924 71.9848 22 149.284 0.370383 
466 193.409 72.9091 22 145.072 0.443155 
467 193.368 73.0504 21.5 145.378 0.441624 
468 193.413 73.8188 23 146.011 0.49564 
469 193.413 73.8188 23 146.011 0.49564 
470 193.229 73.7868 21.5 148.752 0.441624 
471 193.02 73.9797 20.5 153.62 0.450781 
472 192.395 73.8158 19 160.781 0.398046 
473 191.528 73.2778 18 177.604 0.433821 
474 190.7 73.45 20 3.77611 0.448855 
475 190.7 73.45 20 3.77611 0.448855 
476 189.867 74.8583 20 17.6462 0.418996 
477 189.212 74.6894 22 25.7948 0.460895 
478 188.656 74.4728 24.5 34.7249 0.503246 
479 188.387 74.56 25 40.3445 0.538739 
480 187.924 74.3485 22 44.7805 0.47409 
481 187.924 74.3485 22 44.7805 0.47409 
482 187.212 74.1154 26 59.6643 0.477838 
483 186.56 74.1933 25 64.4583 0.431668 
484 186.442 74.3013 26 63.1873 0.448934 
485 186.743 74.2639 24 60.5547 0.441081 
486 187 73.8696 23 58.5664 0.463298 
487 187 73.8696 23 58.5664 0.463298 
488 187.386 74.0041 20.5 53.1463 0.421084 
489 187.329 74.5 21.5 42.647 0.413457 
490 188.15 74.0812 19.5 33.3397 0.374996 
491 188.02 73.8333 20.5 30.6 0.394227 
492 188.02 73.8333 20.5 30.6 0.394227 
493 188.02 73.8333 20.5 30.6 0.394227 
494 188.667 73.5882 17 23.7102 0.39284 
495 188.85 73.6197 19.5 8.71184 0.416739 
496 189.942 73.1667 20 170.206 0.418996 
497 190.19 73.0238 21 158.308 0.452541 
498 190.539 73.2597 21.5 148.772 0.441624 
499 190.539 73.2597 21.5 148.772 0.441624 
500 190.098 73.0299 19.5 146.105 0.428792 
501 190.59 73.6081 18.5 131.128 0.418741 
502 190.175 72.765 19.5 118.531 0.374996 
503 190.738 72.4841 21 106.22 0.385946 
504 190.976 72.0873 21 89.7884 0.439945 
505 190.976 72.0873 21 89.7884 0.439945 
506 190.981 71.8178 21.5 82.3212 0.429618 
507 191.708 71.0417 24 66.215 0.554598 
508 191.595 70.1349 21 54.8774 0.362601 
509 192.067 68.9583 20 37.9903 0.336712 
510 192.083 68.675 20 29.4616 0.39202 
511 192.083 68.675 20 29.4616 0.39202 
512 192.204 68.3611 18 29.4284 0.447163 
513 193.286 66.5 21 27.953 0.52169 
514 194.045 65.9065 20.5 26.1627 0.498453 
515 194.376 64.2752 21.5 30.8353 0.522768 
516 195.204 63.3296 22.5 27.498 0.405943 
517 195.204 63.3296 22.5 27.498 0.405943 
518 196 62.5 21 29.1836 0.52169 
519 197.148 60.6619 17.5 29.7917 0.45831 
520 197.904 60.1491 19 30.1136 0.372419 
521 198.521 59.3056 24 31.483 0.441081 
522 198.856 58.7652 22 26.3143 0.431222 
523 198.396 59.1741 22.5 24.9458 0.432688 
524 198.294 59.1028 23.5 25.4796 0.451918 
525 197.75 59.2963 18 17.0933 0.377096 
526 197.024 58.9444 21 3.82837 0.439945 
527 196.283 58.625 20 173.945 0.535586 
528 195.525 58.625 20 158.324 0.496847 
529 195.525 58.625 20 158.324 0.496847 
530 195.048 58.619 21 151.389 0.485273 
531 194.919 59.4238 17.5 141.945 0.45831 
532 194.214 59.2619 21 130.187 0.485273 
533 193.783 59.575 20 114.032 0.55297 
534 193.67 59.8259 22.5 112.382 0.589256 
535 193.67 59.8259 22.5 112.382 0.589256 
536 193.285 59.6852 22.5 107.81 0.49476 
537 192.706 59.4433 23.5 102.523 0.516749 
538 193.082 59.4858 23.5 103.776 0.482706 
539 193.351 59.5071 23.5 102.769 0.516749 
540 193.515 59.4318 22 105.327 0.546532 
541 193.515 59.4318 22 105.327 0.546532 
542 192.854 59.2823 24.5 100.339 0.578123 
543 191.819 59.2708 24 98.9533 0.502795 
544 190.736 59.1042 24 94.034 0.538625 
545 190.181 59.0217 23 95.0809 0.615923 
546 188.986 58.9792 24 96.2611 0.538625 
547 188.986 58.9792 24 96.2611 0.538625 
548 188.3 58.55 20 100.615 0.448855 
549 187.004 58.6481 22.5 98.6242 0.4496 
550 184.923 57.5163 20.5 104.501 0.450781 
551 183.364 56.5204 24.5 100.558 0.458747 
552 182.435 56.2754 23 109.769 0.422703 
553 182.435 56.2754 23 109.769 0.422703 
554 181.229 55.3611 24 122.793 0.441081 
555 181.167 54.4583 24 134.281 0.404054 
556 180.16 52.2917 24 132.214 0.441081 
557 178.885 50.6154 26 140.605 0.560288 
558 179.096 50.3865 23.5 145.771 0.451918 
559 179.096 50.3865 23.5 145.771 0.451918 
560 179.322 48.9729 21.5 155.019 0.441624 
561 178.864 47.6818 22 153.582 0.431222 
562 178.069 46.2236 20.5 150.272 0.421084 
563 177.524 45.1905 21 149 0.385946 
564 177.345 45.0039 21.5 147.771 0.441624 
565 177.345 45.0039 21.5 147.771 0.441624 
566 177.093 44.752 20.5 149.214 0.46401 
567 177.093 44.752 20.5 149.214 0.46401 
568 178.053 44.7273 22 159.659 0.460895 
569 178.881 44.9444 21 178.825 0.439945 
570 179.778 45.0556 18 11.4269 0.377096 
571 179.778 45.0556 18 11.4269 0.377096 
572 180.635 44.5284 23.5 22.0258 0.469582 
573 181.23 45.1879 23.5 33.31 0.451918 
574 182.539 45.3217 21.5 51.6482 0.522768 
575 183.846 44.9591 26.5 64.5435 0.50961 
576 184.72 45.2092 23.5 80.1321 0.469582 
577 184.72 45.2092 23.5 80.1321 0.469582 
578 186.1 45.2917 20 83.4428 0.418996 
579 186.343 46.1471 17 92.8231 0.39284 
580 186.833 46.8796 18 113.556 0.248837 
581 187.595 47.4286 21 125.114 0.439945 
582 187.826 48.4929 23.5 138.531 0.482706 
583 187.826 48.4929 23.5 138.531 0.482706 
584 187.52 49.8267 25 144.69 0.490025 
585 187.737 50.5 19 153.018 0.472005 
586 187.746 51.0873 21 162.179 0.439945 
587 187.688 52.4145 19.5 173.694 0.495053 
588 186.709 53.531 21.5 9.70932 0.429618 
589 186.709 53.531 21.5 9.70932 0.429618 
590 186.061 53.6789 20.5 9.44109 0.409636 
591 185.733 54.2829 21.5 13.25 0.507333 
592 185.144 54.7879 22 26.2531 0.431222 
593 184.715 54.9028 24 34.4986 0.554598 
594 183.748 54.9786 19.5 35.8354 0.389654 
595 183.748 54.9786 19.5 35.8354 0.389654 
596 182.548 56.2381 21 39.688 0.580619 
597 181.159 56.9318 22 47.973 0.508381 
598 179.924 58.1667 24 47.9201 0.517189 
599 178.59 58.9595 18.5 52.1186 0.355765 
600 177.463 58.8852 22.5 52.1096 0.432688 
601 177.463 58.8852 22.5 52.1096 0.432688 
602 175.882 59.2642 20.5 59.3143 0.421084 
603 175.619 59.1519 22.5 60.3121 0.462165 
604 175.595 59.381 21 56.5203 0.485273 
605 175.365 60.0873 21 50.5317 0.385946 
606 175.319 60.8696 23 32.6349 0.49564 
607 175.319 60.8696 23 32.6349 0.49564 
608 175.306 61.7917 24 27.5545 0.414401 
609 174.858 62.6789 20.5 22.6981 0.450781 
610 174.98 63.3374 20.5 9.89166 0.483736 
611 175.367 64.119 17.5 179.646 0.412945 
612 175.696 65.7941 17 170.08 0.356146 
613 175.696 65.7941 17 170.08 0.356146 
614 176.405 66.1508 21 160.269 0.411621 
615 177.196 66.7593 22.5 148.866 0.49476 
616 178.089 67.7171 21.5 131.807 0.441624 
617 179.123 67.8696 23 129.848 0.49564 
618 180.635 68.4504 23.5 116.503 0.366342 
619 182.182 68.6439 22 103.4 0.460895 
620 182.182 68.6439 22 103.4 0.460895 
621 182.996 67.9444 19.5 87.9944 0.365125 
622 184.212 67.4739 25.5 76.0489 0.477471 
623 184.739 66.4565 23 70.829 0.411821 
624 185.377 65.6296 27 61.1083 0.529227 
625 185.635 64.9615 26 50.9361 0.448934 
626 185.635 64.9615 26 50.9361 0.448934 
627 186.129 64.0094 26.5 41.6315 0.438321 
628 186.196 62.9074 22.5 28.3934 0.432688 
629 186.25 61.4583 24 14.9201 0.470424 
630 186.024 60.6048 17.5 9.62645 0.444278 
631 185.854 58.3958 16 5.45122 0.305283 
632 185.854 58.3958 16 5.45122 0.305283 
633 185.554 57.2117 18.5 178.425 0.395368 
634 185.05 55.8488 21.5 157.378 0.30912 
635 184.28 55.4837 20.5 160.579 0.383849 
636 184.123 54.2018 19 165.097 0.372419 
637 184.133 53.6 20 165.595 0.39202 
638 184.133 53.6 20 165.595 0.39202 
639 184.275 51.8411 21.5 163.671 0.429618 
640 183.486 49.7837 23.5 164.673 0.440023 
641 183.175 49.5476 21 158.055 0.411621 
642 182.273 48.5 22 149.967 0.508381 
643 181.638 48.1667 20.5 143.039 0.498453 
644 181.638 48.1667 20.5 143.039 0.498453 
645 180.492 47.1667 21.5 129.108 0.486645 
646 179.263 46.2185 22.5 127.907 0.432688 
647 178.196 46.0145 23 121.815 0.422703 
648 176.937 45.537 22.5 115.622 0.462165 
649 176.105 45.5952 24.5 104.877 0.40524 
650 176.105 45.5952 24.5 104.877 0.40524 
651 176.491 46.3718 19.5 98.4034 0.303986 
652 175.358 46.7695 23.5 84.7161 0.440023 
653 175.124 47.8548 15.5 72.5136 0.290228 
654 173.97 48.3462 19.5 67.6102 0.400543 
655 173.422 49.4078 23.5 53.6727 0.531914 
656 173.422 49.4078 23.5 53.6727 0.531914 
657 172.926 50.531 21.5 42.5719 0.441624 
658 172.484 52.1016 20.5 33.1344 0.339078 
659 172.703 52.752 20.5 24.6162 0.360424 
660 172.44 53.7735 19.5 19.1916 0.389654 
661 172.7 55.35 20 4.42328 0.448855 
662 172.626 55.6802 18.5 2.6617 0.436542 
663 173.175 56.0833 20 0.227417 0.418996 
664 173.538 57.6333 17.5 175.161 0.373997 
665 173.658 59.3246 19 173.682 0.362524 
666 174.252 60.1068 19.5 161.348 0.460139 
667 174.841 60.5 21.5 152.632 0.413457 
668 174.841 60.5 21.5 152.632 0.413457 
669 176.215 61.0285 20.5 143.419 0.498453 
670 177.301 61.5064 26 125.399 0.509626 
671 178.023 61.5379 22 120.017 0.47409 
672 178.879 60.8333 22 103.565 0.431222 
673 180.77 60.3571 21 90.6977 0.37601 
674 180.77 60.3571 21 90.6977 0.37601 
675 181.024 60.0952 21 86.6481 0.471297 
676 181.758 59.3707 24.5 71.3795 0.43075 
677 181.98 58.8008 20.5 64.5035 0.421084 
678 183.452 58.0374 24.5 56.7578 0.471149 
679 183.609 57.7653 24.5 53.7247 0.503246 
680 183.609 57.7653 24.5 53.7247 0.503246 
681 184.25 56.9537 18 45.1816 0.330811 
682 185.425 55.7688 15.5 47.8471 0.298074 
683 186.204 55.5593 22.5 46.0773 0.405943 
684 187.299 54.7708 24 41.3584 0.517189 
685 187.635 53.1879 23.5 42.4294 0.3887 
686 187.635 53.1879 23.5 42.4294 0.3887 
687 187.379 52.8475 23.5 33.7198 0.440023 
688 186.802 52.5952 21 22.3921 0.52169 
689 186.333 51.675 20 6.53418 0.462165 
690 186.626 50.7252 18.5 4.60031 0.369671 
691 186.238 49.344 23.5 176.594 0.502224 
692 186.238 49.344 23.5 176.594 0.502224 
693 185.826 47.345 21.5 169.742 0.429618 
694 185.578 45.4291 23.5 168.723 0.469582 
695 185.633 44.6667 20 168.435 0.418996 
696 185.972 42.8519 18 174.027 0.330811 
697 186.083 40.9167 20 179.338 0.39202 
698 186.083 40.9167 20 179.338 0.39202 
699 186.88 39.1124 21.5 3.77017 0.429618 
700 187.415 37.3291 19.5 17.1485 0.365125 
701 188.044 37.2823 24.5 21.3252 0.458747 
702 189.139 36.017 24.5 27.2449 0.471149 
703 190.425 35.6917 20 40.1031 0.430991 
704 190.425 35.6917 20 40.1031 0.430991 
705 191.066 35.4535 21.5 50.4334 0.441624 
706 192.05 35.0194 21.5 55.4242 0.441624 
707 193.799 34.6026 19.5 64.6932 0.342842 
708 194.286 34.1825 21 68.0098 0.411621 
709 195.741 33.7411 23.5 59.8326 0.482706 
710 195.741 33.7411 23.5 59.8326 0.482706 
711 196.486 33.1028 23.5 52.4938 0.3887 
712 196.74 32.6533 25 46.9955 0.45946 
713 197.457 31.6957 23 40.6659 0.450823 
714 197.458 31.2292 24 33.4108 0.441081 
715 197.659 30.9762 21 30.075 0.423012 
716 197.659 30.9762 21 30.075 0.423012 
717 197.713 30.4 25 24.4746 0.431668 
718 197.322 30.8101 21.5 25.5989 0.441624 
719 197.321 30.1504 20.5 19.542 0.498453 
720 197.05 29.655 21.5 9.40288 0.459482 
721 197.071 29.3254 21 8.86324 0.471297 
722 197.1 29.1 20 9.15604 0.482023 
723 197.05 27.655 21.5 9.40288 0.459482 
724 197.127 26.8095 21 7.63641 0.400684 
725 197.126 26.435 20.5 8.00746 0.43811 
726 197.359 25.8259 22.5 11.5708 0.49476 
727 198.033 25.081 17.5 12.9556 0.412945 
728 198.033 25.081 17.5 12.9556 0.412945 
729 198.516 24.2985 21.5 17.9581 0.472771 
730 198.98 24.2236 20.5 26.5184 0.450781 
731 200.066 22.4147 21.5 29.9111 0.472771 
732 201.086 20.6532 18.5 30.0424 0.484499 
733 201.962 20.7121 22 41.9386 0.47409 
734 201.962 20.7121 22 41.9386 0.47409 
735 203.538 19.5152 22 49.9114 0.508381 
736 204.4 19.3 20 52.8898 0.462165 
737 206.103 18.1738 23.5 51.7237 0.423985 
738 207.446 17.655 21.5 57.5439 0.413457 
739 208.209 17.7057 23.5 63.075 0.413168 
740 208.209 17.7057 23.5 63.075 0.413168 
741 208.742 17.75 22 67.1314 0.431222 
742 210.415 18.1424 27.5 72.8533 0.443741 
743 210.685 18.8611 18 80.4062 0.403969 
744 212.791 18.9752 23.5 95.083 0.440023 
745 214.262 19.373 21 93.5133 0.353547 
746 214.262 19.373 21 93.5133 0.353547 
747 215.004 20.3519 22.5 104.618 0.4496 
748 215.159 21.0606 22 114.461 0.431222 
749 216.947 22.1053 19 116.261 0.439057 
750 217.526 23.0789 19 116.69 0.372419 
751 217.528 23.4929 23.5 116.191 0.440023 
752 217.528 23.4929 23.5 116.191 0.440023 
753 219.711 24.6228 19 114.095 0.409442 
754 220.617 25.0225 18.5 115.271 0.380002 
755 221.514 25.5 23 118.578 0.49564 
756 223.125 26.9917 20 118.994 0.430991 
757 223.131 27.1879 23.5 119.366 0.482706 
758 223.131 27.1879 23.5 119.366 0.482706 
759 223.217 27.6 20 127.529 0.430991 
760 223.268 28.6014 23 135.761 0.422703 
761 222.611 28.5427 19.5 144.777 0.400543 
762 221.808 29.3846 26 155.558 0.509626 
763 221.719 30.0048 17.5 169.641 0.412945 
764 221.719 30.0048 17.5 169.641 0.412945 
765 221.319 31.5435 23 0.489197 0.438845 
766 221.029 33.2516 25.5 179.167 0.448332 
767 220.458 34.4861 24 12.6734 0.538625 
768 219.79 35.413 23 8.52437 0.438845 
769 219 36.6364 22 27.3848 0.546532 
770 219 36.6364 22 27.3848 0.546532 
771 217.907 38.463 22.5 23.18 0.530929 
772 216.312 40.7479 19.5 24.0028 0.460139 
773 215.11 42.344 23.5 25.9178 0.516749 
774 213.876 43.4078 23.5 26.6858 0.413168 
775 213.215 44.6789 20.5 31.9065 0.450781 
776 213.215 44.6789 20.5 31.9065 0.450781 
777 211.701 46.5625 24 37.69 0.517189 
778 210.493 48.0852 22.5 34.6923 0.462165 
779 209.72 49.0674 23.5 36.4168 0.482706 
780 209.167 50.7403 21.5 24.8538 0.402574 
781 208.213 52.9884 21.5 13.7453 0.472771 
782 208.213 52.9884 21.5 13.7453 0.472771 
783 208.121 53.5523 25.5 16.754 0.477471 
784 208.358 55.1879 23.5 5.98109 0.482706 
785 208.765 56.0983 19.5 173.223 0.495053 
786 209.473 57.54 25 161.289 0.42089 
787 210.283 59.469 21.5 162.597 0.402574 
788 210.283 59.469 21.5 162.597 0.402574 
789 210.73 60.1815 22.5 154.208 0.49476 
790 211.762 61.6418 23.5 157.534 0.440023 
791 211.463 62.3963 22.5 162.856 0.49476 
792 211.739 63.6197 19.5 172.443 0.416739 
793 211.437 64.0238 21 0.226425 0.439945 
794 211.437 64.0238 21 0.226425 0.439945 
795 210.97 64.7955 22 9.22025 0.419764 
796 210.384 65.413 23 17.2504 0.481845 
797 208.952 66.7296 22.5 24.5884 0.49476 
798 208.616 66.8946 24.5 26.5187 0.503246 
799 208.368 67.1667 24 27.4157 0.441081 
800 208.368 67.1667 24 27.4157 0.441081 
801 208.254 67.3261 23 26.5281 0.422703 
802 208 68 19 28.4364 0.439057 
803 205.49 69.7225 48.5 59.5412 0.211255 
804 205.248 69.746 52 61.2607 0.228561 
805 207.072 68.7536 23 32.9182 0.397134 
806 207.072 68.7536 23 32.9182 0.397134 
807 206.881 69 21 32.2253 0.452541 
808 206.333 69.2083 24 34.0761 0.452893 
809 205.903 69.6473 21.5 34.0765 0.454141 
810 205.583 69.75 22 33.2606 0.47409 
811 204.591 70.3636 22 33.3057 0.508381 
812 204.591 70.3636 22 33.3057 0.508381 
813 203.764 70.8566 21.5 42.8297 0.378005 
814 203.232 71.1667 23 43.2297 0.463298 
815 202.409 71.3409 22 50.127 0.431222 
816 202.095 71.119 21 54.8009 0.385946 
817 201.028 71.6852 18 63.2253 0.352818 
818 200.93 71.5963 22.5 61.1582 0.421298 
819 200.93 71.5963 22.5 61.1582 0.421298 
820 200.167 71.656 23.5 59.8662 0.440023 
821 198.438 71.2674 21.5 78.932 0.378005 
822 198.053 70.807 19 80.1236 0.319876 
823 196.142 70.6219 20.5 88.0285 0.483736 
824 195.346 70.4145 19.5 95.6614 0.342842 
825 195.346 70.4145 19.5 95.6614 0.342842 
826 193.852 70.1852 18 95.4302 0.377096 
827 193.648 69.6407 22.5 93.8167 0.395587 
828 192.816 69.5702 19 87.9855 0.457922 
829 189.064 69.2532 50 101.29 0.270962 
830 192 69.5 18 90 0.467107 
831 192 69.5 18 90 0.467107 
832 192 69.5 18 90 0.467107 
833 191.62 69.5171 19.5 89.3922 0.446751 
834 190.69 69.6984 21 86.4799 0.471297 
835 189.298 70.0349 21.5 81.7688 0.472771 
836 187.909 70.3561 22 79.1994 0.49374 
837 187.909 70.3561 22 79.1994 0.49374 
838 186.7 70.45 20 77.0355 0.448855 
839 185.636 70.7727 22 75.5054 0.419764 
840 184.636 70.7727 22 75.5054 0.419764 
841 183.214 70.8571 21 73.9404 0.471297 
842 181.222 71.9306 24 72.0911 0.470424 
843 181.222 71.9306 24 72.0911 0.470424 
844 179.797 72.2174 23 74.188 0.481845 
845 179.438 72.1458 24 74.247 0.470424 
846 178.667 71.8611 24 84.2466 0.470424 
847 177.673 71.0533 25 99.0511 0.447631 
848 176.819 70.6232 23 99.8182 0.411821 
849 176.819 70.6232 23 99.8182 0.411821 
850 176.015 69.25 22 113.034 0.431222 
851 175.56 69.2521 19.5 116.884 0.428792 
852 175.326 68.7083 24 117.672 0.441081 
853 174.796 67.9296 22.5 120.545 0.432688 
854 174.654 67.9472 20.5 121.066 0.394227 
855 174.654 67.9472 20.5 121.066 0.394227 
856 174.342 67.7368 19 120.241 0.439057 
857 174.109 67.6087 23 118.532 0.450823 
858 173.792 67.4514 24 116.875 0.441081 
859 172.693 66.807 19 115.156 0.372419 
860 171.8 66.3 20 113.088 0.430991 
861 171.8 66.3 20 113.088 0.430991 
862 170.78 66.12 25 105.563 0.490025 
863 169.857 66.0873 21 100.376 0.411621 
864 168.581 65.6789 20.5 91.6915 0.383849 
865 167.159 65.3837 21.5 92.84 0.459482 
866 166.364 65.3712 22 91.3729 0.448243 
867 166.364 65.3712 22 91.3729 0.448243 
868 166.364 65.3712 22 91.3729 0.448243 
869 165.799 65.4487 19.5 90.0787 0.416739 
870 164.528 65.6944 18 77.8304 0.377096 
871 163.283 65.8833 20 81.271 0.430991 
872 161.68 66.0135 18.5 80.3068 0.406803 
873 161.68 66.0135 18.5 80.3068 0.406803 
874 160.083 66.075 20 82.0556 0.448855 
875 156.489 64.1863 48 125.763 0.190308 
876 155.554 63.8935 52 127.144 0.254813 
877 154.824 63.8091 55 130.385 0.296306 
878 154.326 63.4816 51.5 131.386 0.294446 
879 154.325 63.3598 51 130.899 0.29463 
880 154.034 63.2262 51 132.457 0.29463 
881 153.614 63.0251 48.5 135.14 0.277294 
882 153.51 62.9374 50.5 136.474 0.26558 
883 153.658 62.9701 49 136.317 0.273279 
884 153.474 62.5671 50.5 136.022 0.288729 
885 153.474 62.5671 50.5 136.022 0.288729 
886 153.292 62.2143 53 137.853 0.27598 
887 153.384 62.2461 49 136.478 0.225135 
888 154.625 63.5069 24 127.295 0.441081 
889 154.219 62.7815 22.5 132.997 0.475264 
890 154.135 62.4444 21 138.448 0.423012 
891 154.135 62.4444 21 138.448 0.423012 
892 153.912 61.8203 25.5 141.33 0.432484 
893 153.429 60.6905 21 146.285 0.485273 
894 152.561 59.5 22 145.745 0.379868 
895 152.127 58.9524 21 145.616 0.423012 
896 152.048 58.7381 21 142.632 0.452541 
897 151.517 58.0833 20 139.826 0.367568 
898 151.023 57.3939 22 140.158 0.404325 
899 150.545 56.3409 22 133.065 0.404325 
900 150.182 56.447 22 133.69 0.523684 
901 148.488 53.466 45.5 157.811 0.195679 
902 148.146 53.2686 50.5 160.322 0.219967 
903 148.146 53.2686 50.5 160.322 0.219967 
904 147.678 52.5937 49 162.075 0.215375 
905 147.277 52.6047 47.5 163.475 0.206899 
906 146.663 51.9548 52.5 166.938 0.263321 
907 146.655 51.4167 48 167.325 0.246488 
908 146.514 51.4768 46 167.909 0.244335 
909 146.514 51.4768 46 167.909 0.244335 
910 146.566 51.14 48 169.757 0.243103 
911 146.39 49.9624 52 173.39 0.228561 
912 146.427 49.4299 49 174.835 0.208852 
913 146.841 51.2481 22.5 155.976 0.372159 
914 146.522 51.1963 22.5 155.905 0.395587 
915 146.522 51.1963 22.5 155.905 0.395587 
916 146.394 50.5355 23.5 158.736 0.413168 
917 146.232 50.0285 20.5 159.032 0.421084 
918 146.126 49.7764 20.5 160.74 0.421084 
919 145.527 48.3468 18.5 159.815 0.484499 
920 145.572 46.9685 18.5 162.581 0.436542 
921 145.572 46.9685 18.5 162.581 0.436542 
922 145.295 45.7273 22 163.127 0.460895 
923 145.224 45.0203 20.5 162.907 0.483736 
924 145.265 44.4804 17 165.911 0.42232 
925 145.75 43.5 20 173.295 0.407494 
926 145.794 42.2843 17 177.947 0.356146 
927 145.794 42.2843 17 177.947 0.356146 
928 146.456 38.201 51 1.73453 0.286145 
929 147.075 38.4732 47.5 176.963 0.235009 
930 147.61 37.4105 48 173.705 0.235212 
931 148.705 39.1061 22 20.7226 0.431222 
932 148.895 38.4474 19 23.4982 0.472005 
933 148.895 38.4474 19 23.4982 0.472005 
934 149.373 37.7857 21 21.0753 0.385946 
935 149.763 36.6754 19 22.2925 0.439057 
936 149.996 35.663 22.5 15.5713 0.49476 
937 150.111 34.8968 21 10.1893 0.439945 
938 150.111 34.6667 21 9.75705 0.439945 
939 150.07 33.4852 22.5 179.872 0.4496 
940 150.222 33.2302 21 174.683 0.439945 
941 150.196 31.5148 22.5 170.361 0.49476 
942 149.841 30.8333 22 162.797 0.431222 
943 149.353 30.3915 21.5 155.592 0.472771 
944 149.156 30.1882 15.5 149.203 0.340835 
945 149.156 30.1882 15.5 149.203 0.340835 
946 148.869 29.9505 18.5 143.384 0.449823 
947 146.499 27.7133 46 136.432 0.20481 
948 146.605 28.1536 47 135.322 0.225959 
949 146.565 28.1591 46 135.375 0.231649 
950 146.213 27.7705 46.5 135.61 0.21168 
951 146.213 27.7705 46.5 135.61 0.21168 
952 145.763 27.2813 47.5 136.083 0.189 
953 147.486 29.1525 23.5 134.04 0.423985 
954 146.5 28.5 22 130.033 0.443155 
955 146.386 28.4773 22 129.929 0.404325 
956 146.04 27.9762 21 127.934 0.423012 
957 146.04 27.9762 21 127.934 0.423012 
958 145.174 27.1818 22 127.503 0.443155 
959 144.493 26.6844 23.5 125.747 0.531914 
960 143.85 26.2 20 130.171 0.299299 
961 142.233 24.5 20 132.895 0.402868 
962 139.931 21.969 45 138.702 0.219278 
963 139.931 21.969 45 138.702 0.219278 
964 139.758 21.5365 46 138.235 0.23953 
965 139.589 20.684 44.5 139.089 0.277611 
966 138.862 19.8583 46.5 138.702 0.279666 
967 138.423 19.1292 46.5 139.303 0.265859 
968 138.766 19.2037 53 137.634 0.27598 
969 138.766 19.2037 53 137.634 0.27598 
970 138.313 18.4907 47.5 136.301 0.216232 
971 138.021 18.2856 42 135.541 0.148517 
972 139.528 19.4167 18 141.907 0.415948 
973 139.374 18.6802 18.5 141.895 0.449823 
974 139.278 17.6453 19.5 141.099 0.474138 
975 139.278 17.6453 19.5 141.099 0.474138 
976 139.552 17.4481 22.5 141.91 0.50928 
977 139.739 16.7991 19.5 141.277 0.441376 
978 139.662 16.7793 18.5 130.05 0.418741 
979 139.599 16.8153 18.5 128.261 0.418741 
980 139.447 16.8421 19 125.712 0.409442 
981 139.447 16.8421 19 125.712 0.409442 
982 139.368 16.8411 21.5 123.392 0.441624 
983 137.166 15.6142 48 123.42 0.198485 
984 136.728 15.4513 47 123.658 0.233466 
985 136.578 15.517 45.5 124.235 0.228212 
986 136.657 15.5147 45.5 124.037 0.228212 
987 136.657 15.5147 45.5 124.037 0.228212 
988 136.698 15.7185 43.5 124.327 0.181471 
989 136.818 15.9402 45.5 124.98 0.189815 
990 136.818 15.9402 45.5 124.98 0.189815 
991 136.949 16.0904 49.5 125.184 0.222421 
992 137.307 16.2647 48.5 125.123 0.224921 
993 137.307 16.2647 48.5 125.123 0.224921 
994 137.307 16.2647 48.5 125.123 0.224921 
995 137.307 16.2647 48.5 125.123 0.224921 
996 136.829 16.2351 44.5 126.693 0.209119 
997 136.881 16.2093 49 126.693 0.235574 
998 137.019 16.1463 47 126.566 0.225959 
999 137.019 16.1463 47 126.566 0.225959 
1000 136.931 16.1152 46 127.123 0.244335 
1001 136.931 16.1152 46 127.123 0.244335 
1002 136.907 16.1489 48.5 126.409 0.263934 
1003 137.119 16.2109 48.5 124.249 0.273278 
1004 137.119 16.2109 48.5 124.249 0.273278 
1005 137.119 16.2109 48.5 124.249 0.273278 
1006 137.539 16.7507 45 121.33 0.242432 
1007 137.508 16.5888 46 119.133 0.256548 
1008 137.515 16.5189 49 117.44 0.255152 
1009 137.982 16.716 46 114.03 0.236218 
1010 140.098 17.2778 19.5 118.262 0.474138 
1011 139.995 17.0905 17.5 117.392 0.45831 
1012 139.517 16.6538 19.5 120.162 0.374996 
1013 139.775 16.7353 17 128.764 0.366342 
1014 139.671 16.1667 21.5 128.692 0.522768 
1015 139.547 15.5155 21.5 134.548 0.413457 
1016 139.117 15.0833 20 137.664 0.462165 
1017 138.795 14.2045 22 131.106 0.508381 
1018 138.795 14.2045 22 131.106 0.508381 
1019 138.628 13.7624 23.5 136.083 0.451918 
1020 138.333 13.1032 21 132.816 0.423012 
1021 137.86 12.8684 19 129.368 0.382725 
1022 137.333 12.2619 21 127.718 0.452541 
1023 136.357 11.619 21 120.627 0.485273 
1024 136.357 11.619 21 120.627 0.485273 
1025 135.684 11.3227 23.5 119.114 0.451918 
1026 135.083 10.9167 24 112.032 0.502795 
1027 135.214 11.0079 21 110.899 0.411621 
1028 134.913 11.1746 21 105.213 0.411621 
1029 134.275 11.2971 23 96.9804 0.387219 
1030 134.275 11.2971 23 96.9804 0.387219 
1031 133.524 11.1667 20.5 96.8747 0.409636 
1032 132.923 11.0854 20.5 93.9604 0.383849 
1033 132.974 11.0088 19 90.273 0.398046 
1034 133.142 11.0333 20 82.8593 0.336712 
1035 132.754 11.1508 21 77.0267 0.37601 
1036 132.754 11.1508 21 77.0267 0.37601 
1037 132.372 11.2521 19.5 72.2834 0.428792 
1038 132.218 11.4573 19.5 70.154 0.428792 
1039 132.069 11.5163 20.5 64.6628 0.360424 
1040 131.748 11.7286 17.5 59.1374 0.384813 
1041 131.35 12.2833 20 60.3425 0.462165 
1042 131.35 12.2833 20 60.3425 0.462165 
1043 130.083 12.8889 18 54.9381 0.415948 
1044 129.389 13.5171 19.5 52.7455 0.441376 
1045 127.98 14.4919 20.5 47.1115 0.369859 
1046 127.381 14.7619 21 50.7303 0.411621 
1047 126.447 15.4737 19 55.3738 0.439057 
1048 126.447 15.4737 19 55.3738 0.439057 
1049 125.854 15.6293 24.5 58.1689 0.503246 
1050 125.119 16 21 62.5212 0.452541 
1051 124.15 16.8008 20.5 65.2285 0.421084 
1052 122.953 16.8675 19.5 64.2816 0.400543 
1053 120.9 17.2 15 75.8381 0.237885 
1054 120.9 17.2 15 75.8381 0.237885 
1055 119.236 17.4767 21.5 83.1016 0.368483 
1056 119.24 17.5488 20.5 88.0548 0.43811 
1057 118.833 16.9804 17 98.1861 0.356146 
1058 118.773 16.7879 22 96.9247 0.49374 
1059 118.121 16.75 22 95.5333 0.49374 
1060 118.121 16.75 22 95.5333 0.49374 
1061 116.896 16.7252 18.5 93.8361 0.436542 
1062 115.671 16.7393 19.5 92.2384 0.365125 
1063 114.219 16.9296 22.5 87.3255 0.4496 
1064 112.868 16.9786 19.5 83.9602 0.416739 
1065 112.108 16.8529 17 82.4706 0.381526 
