%Frame Number	x (image)	y (image)	x (world)	y (world)	Area	Orientation	Compactness	TimeStamp (ms)
0	97.7632	97.1491	0	0	19	1.43462	0.426412	0033
1	97.7846	97.0285	0	0	20.5	1.43551	0.409636	0066
2	97.7991	97.2778	0	0	19.5	1.42173	0.416739	0100
3	97.5638	96.8333	0	0	23.5	1.3959	0.440023	0133
4	97.5667	97.0407	0	0	22.5	1.37121	0.4496	0166
5	97.6333	96.8481	0	0	22.5	1.4018	0.421298	0200
6	97.5667	96.9074	0	0	22.5	1.35947	0.4496	0233
7	97.6489	96.961	0	0	23.5	1.40437	0.440023	0266
8	97.5426	96.9752	0	0	23.5	1.35176	0.469582	0300
9	97.6778	96.8481	0	0	22.5	1.39113	0.421298	0333
10	97.686	97.0659	0	0	21.5	1.37276	0.429618	0367
11	97.6778	96.8481	0	0	22.5	1.39113	0.421298	0400
12	97.6111	96.9963	0	0	22.5	1.35875	0.4496	0433
13	97.6778	96.8481	0	0	22.5	1.39113	0.421298	0467
14	97.686	97.0659	0	0	21.5	1.37276	0.429618	0500
15	97.6778	96.8481	0	0	22.5	1.39113	0.421298	0533
16	97.686	97.0659	0	0	21.5	1.37276	0.429618	0567
17	97.6489	96.961	0	0	23.5	1.40437	0.440023	0600
18	97.5851	97.1028	0	0	23.5	1.37231	0.469582	0633
19	97.5	97.022	0	0	26.5	1.40581	0.496196	0667
20	97.5204	97.0782	0	0	24.5	1.36502	0.489565	0700
21	97.4748	97.022	0	0	26.5	1.4222	0.496196	0734
22	97.4667	97.1133	0	0	25	1.39561	0.523744	0767
23	97.4748	97.022	0	0	26.5	1.4222	0.496196	0800
24	97.4667	97.1133	0	0	25	1.39561	0.523744	0834
25	97.5136	97.432	0	0	24.5	1.50533	0.458747	0867
26	97.5142	97.656	0	0	23.5	1.49465	0.469582	0900
27	97.3889	97.1148	0	0	22.5	1.55918	0.4496	0934
28	97.266	97.1454	0	0	23.5	1.51667	0.502224	0967
29	97.2755	96.9422	0	0	24.5	1.5301	0.489565	1001
30	97.266	97.1454	0	0	23.5	1.51667	0.502224	1034
31	97.2755	97.1054	0	0	24.5	1.55757	0.489565	1067
32	97.3837	97.345	0	0	21.5	1.55323	0.459482	1101
33	97.2143	97.2007	0	0	24.5	1.52683	0.523595	1134
34	97.266	97.1454	0	0	23.5	1.51667	0.502224	1167
35	97.2143	97.2007	0	0	24.5	1.52683	0.523595	1201
36	97.2143	96.9966	0	0	24.5	1.49442	0.523595	1234
37	94.399	92.2407	0	0	49.5	1.07976	0.206502	1267
38	94.3785	91.9931	0	0	48	1.07461	0.190308	1301
39	94.6481	92.0897	0	0	58.5	1.09503	0.280144	1334
40	94.8646	92.5938	0	0	48	1.10844	0.198485	1368
41	94.8968	92.7603	0	0	52.5	1.13204	0.212551	1401
42	95.3388	93.6612	0	0	45.5	1.16161	0.171661	1434
43	97.754	100.468	0	0	21	1.65189	0.400684	1468
44	97.8248	102.081	0	0	19.5	1.71524	0.389654	1501
45	97.8333	103.579	0	0	21	1.70677	0.471297	1534
46	98.2376	105.656	0	0	23.5	1.63024	0.502224	1568
47	98.2376	105.656	0	0	23.5	1.63024	0.502224	1601
48	97.9878	106.825	0	0	20.5	1.55119	0.421084	1634
49	98.04	107.26	0	0	25	1.52651	0.477005	1668
50	98.017	107.554	0	0	24.5	1.56125	0.489565	1701
51	98.0359	107.761	0	0	25.5	1.54995	0.477471	1735
52	98.0435	107.804	0	0	23	1.52736	0.450823	1768
53	98.0769	107.885	0	0	26	1.5475	0.509626	1801
54	98.5	108	0	0	20	1.5708	0.448855	1835
55	98.376	108.717	0	0	21.5	1.45012	0.507333	1868
56	98.9065	109.435	0	0	20.5	1.41058	0.43811	1901
57	99.0043	109.175	0	0	19.5	1.38062	0.416739	1935
58	99.2143	109.23	0	0	21	1.30556	0.439945	1968
59	99.2143	109.23	0	0	21	1.30556	0.439945	2002
60	99.5	103.5	0	0	2	0	0.785	2035
61	99.5571	103.983	0	0	52.5	1.42227	0.216303	2068
63	99.4929	104.755	0	0	47	1.31109	0.213139	2135
64	101.846	110.663	0	0	25.5	0.854554	0.490379	2168
65	101.846	110.663	0	0	25.5	0.854554	0.490379	2202
66	102.846	111.028	0	0	26.5	0.783995	0.50961	2235
67	103.379	111.006	0	0	29	0.661076	0.500735	2268
68	103.701	110.84	0	0	24	0.640483	0.452893	2302
69	104.079	110.456	0	0	26.5	0.645624	0.478111	2335
70	105.145	110.848	0	0	23	0.589789	0.49564	2369
71	105.145	110.848	0	0	23	0.589789	0.49564	2402
72	106.023	111.174	0	0	22	0.501049	0.47409	2435
73	107.003	111.35	0	0	24.5	0.448195	0.40524	2469
74	109.68	112.293	0	0	18.5	0.361435	0.380002	2502
75	111.008	112.54	0	0	21	0.329893	0.439945	2535
76	111.562	112.702	0	0	21.5	0.302359	0.472771	2569
77	111.667	112.705	0	0	22	0.284551	0.460895	2602
78	111.955	112.727	0	0	22	0.276975	0.49374	2635
79	112.273	112.791	0	0	23.5	0.260021	0.469582	2669
80	112.385	112.692	0	0	26	0.2471	0.496085	2702
81	112.385	112.692	0	0	26	0.2471	0.496085	2736
82	112.472	112.585	0	0	23.5	0.250777	0.440023	2769
83	112.432	112.643	0	0	24.5	0.245723	0.458747	2802
84	112.47	112.53	0	0	22.5	0.248488	0.4496	2836
85	112.909	112.591	0	0	22	0.220815	0.49374	2869
86	113.045	112.629	0	0	22	0.246653	0.460895	2902
87	112.891	112.645	0	0	23	0.219541	0.481845	2936
88	112.891	112.645	0	0	23	0.219541	0.481845	2969
89	112.833	112.701	0	0	24	0.208254	0.502795	3003
90	112.833	112.701	0	0	24	0.208254	0.502795	3036
91	112.752	112.711	0	0	24.5	0.192138	0.489565	3069
92	112.899	112.794	0	0	25.5	0.225025	0.477471	3103
93	113.327	112.897	0	0	26	0.23266	0.477838	3136
94	113.75	113.019	0	0	26	0.251308	0.509626	3169
95	113.815	113.093	0	0	27	0.26934	0.529227	3203
96	114.632	113.004	0	0	21.5	0.272168	0.441624	3236
97	115.8	113.142	0	0	20	0.287466	0.367568	3269
98	116.802	113.5	0	0	21	0.131031	0.37601	3303
99	117.833	113.74	0	0	25	0.143031	0.447631	3336
100	118.678	113.415	0	0	21.5	0.102332	0.429618	3370
101	118.678	113.415	0	0	21.5	0.102332	0.429618	3403
102	119.018	113.482	0	0	19	0.0327731	0.387119	3436
103	119.548	113.437	0	0	21	-0.00796719	0.427869	3470
104	120.15	113.449	0	0	19.5	0.00885123	0.416739	3503
105	121.455	113.379	0	0	22	0.00713197	0.419764	3536
106	115.504	112.859	0	0	45.5	0.105768	0.187463	3570
107	115.513	112.989	0	0	51.5	0.109208	0.205956	3603
108	122.167	113.667	0	0	27	-0.0180572	0.454561	3636
109	122.18	113.68	0	0	25	-0.085817	0.477005	3670
110	122.344	113.635	0	0	23.5	-0.0861285	0.440023	3703
111	123.241	113.641	0	0	22.5	0.00511989	0.421298	3737
112	124.044	113.465	0	0	19	0.0201699	0.426412	3770
113	124.106	113.659	0	0	22	0.029934	0.431222	3803
114	125.138	114.005	0	0	17.5	0.186885	0.373997	3837
115	126.252	114.517	0	0	19.5	0.262453	0.389654	3870
116	127.842	114.517	0	0	20	0.311167	0.39202	3903
117	128.955	115.516	0	0	20.5	0.490772	0.360424	3937
118	130.282	116.144	0	0	14.5	0.457734	0.352564	3970
119	130.167	116.134	0	0	15.5	0.448711	0.376879	4004
120	132.021	116.958	0	0	24	0.507944	0.483442	4037
121	132.587	117.478	0	0	23	0.468661	0.450823	4070
122	133.102	117.565	0	0	20.5	0.472748	0.421084	4104
123	133.431	117.819	0	0	24	0.542051	0.470424	4137
124	128.094	115.608	0	0	48	0.345549	0.202027	4170
125	128.094	115.608	0	0	48	0.345549	0.202027	4204
126	128.784	115.8	0	0	50.5	0.344925	0.241834	4237
127	128.69	115.617	0	0	50	0.320302	0.198237	4270
128	135.545	118.167	0	0	22	0.412222	0.404325	4304
129	136.864	118.19	0	0	21.5	0.345062	0.472771	4337
130	138.623	117.783	0	0	23	0.200266	0.422703	4371
131	138.623	117.783	0	0	23	0.200266	0.422703	4404
132	139.256	117.825	0	0	20.5	0.27137	0.258565	4437
133	142.283	117.435	0	0	23	0.0667594	0.438845	4471
134	144.252	117.312	0	0	19.5	-0.0233816	0.365125	4504
135	145.553	116.789	0	0	19	-0.0925423	0.372419	4537
136	146.802	116.548	0	0	21	-0.170777	0.439945	4571
137	146.802	116.548	0	0	21	-0.170777	0.439945	4604
138	147.663	116.484	0	0	20.5	-0.0720565	0.450781	4637
139	148.348	116.486	0	0	23	-0.121341	0.450823	4671
140	149.457	116.507	0	0	23	-0.12588	0.450823	4704
141	150.068	115.985	0	0	22	-0.127944	0.370383	4738
142	150.757	115.75	0	0	24	-0.15232	0.404054	4771
143	150.757	115.75	0	0	24	-0.15232	0.404054	4804
144	151.221	115.534	0	0	24.5	-0.181265	0.489565	4838
145	151.4	115.253	0	0	25	-0.257414	0.45946	4871
146	151.738	115.058	0	0	24.5	-0.299273	0.458747	4904
147	151.933	115.039	0	0	23.5	-0.324297	0.469582	4938
148	151.993	115.022	0	0	23	-0.33053	0.411821	4971
149	151.993	115.022	0	0	23	-0.33053	0.411821	5005
150	152.014	114.944	0	0	24	-0.340083	0.404054	5038
151	152.014	114.944	0	0	24	-0.340083	0.404054	5071
152	152.014	114.944	0	0	24	-0.340083	0.404054	5105
153	152.365	114.654	0	0	26	-0.392595	0.437725	5138
154	152.36	114.6	0	0	25	-0.389601	0.42089	5171
155	152.36	114.6	0	0	25	-0.389601	0.42089	5205
156	152.36	114.6	0	0	25	-0.389601	0.42089	5238
157	152.312	114.674	0	0	24	-0.378079	0.380616	5271
158	152.312	114.674	0	0	24	-0.378079	0.380616	5305
159	152.287	114.911	0	0	23.5	-0.318187	0.413168	5338
160	152.368	114.917	0	0	24	-0.30461	0.404054	5372
161	152.368	114.917	0	0	24	-0.30461	0.404054	5405
162	152.368	114.917	0	0	24	-0.30461	0.404054	5438
163	152.368	114.917	0	0	24	-0.30461	0.404054	5472
164	152.368	114.917	0	0	24	-0.30461	0.404054	5505
165	152.368	114.917	0	0	24	-0.30461	0.404054	5538
166	152.368	114.917	0	0	24	-0.30461	0.404054	5572
167	152.373	114.847	0	0	25	-0.309901	0.396475	5605
168	152.373	114.847	0	0	25	-0.309901	0.396475	5638
169	152.167	114.717	0	0	23	-0.333812	0.411821	5672
170	152.145	114.762	0	0	23.5	-0.346355	0.440023	5705
171	152.045	114.736	0	0	20.5	-0.330339	0.360424	5739
172	151.92	114.594	0	0	23	-0.328142	0.397134	5772
173	152.12	114.469	0	0	21.5	-0.380405	0.378005	5805
174	152.181	114.396	0	0	22.5	-0.390851	0.421298	5839
175	152.28	114.294	0	0	23.5	-0.412956	0.440023	5872
176	152.28	114.294	0	0	23.5	-0.412956	0.440023	5905
177	152.28	114.294	0	0	23.5	-0.412956	0.440023	5939
178	152.196	114.297	0	0	23	-0.428355	0.450823	5972
179	152.196	114.297	0	0	23	-0.428355	0.450823	6006
180	152.196	114.297	0	0	23	-0.428355	0.450823	6039
181	152.196	114.297	0	0	23	-0.428355	0.450823	6072
182	152.196	114.297	0	0	23	-0.428355	0.450823	6106
183	151.962	114.346	0	0	26	-0.401611	0.477838	6139
184	151.962	114.346	0	0	26	-0.401611	0.477838	6172
185	151.962	114.346	0	0	26	-0.401611	0.477838	6206
186	152.1	114.353	0	0	25	-0.430201	0.490025	6239
187	151.985	114.433	0	0	27.5	-0.422657	0.51492	6272
188	147.337	113.918	0	0	49	-0.0224974	0.20262	6306
189	147.417	113.953	0	0	50	-0.0263074	0.222619	6339
190	147.925	114.258	0	0	54.5	-0.0448634	0.256112	6373
191	147.975	114.266	0	0	59	-0.0344323	0.307223	6406
192	148.246	114.301	0	0	57	-0.0396086	0.296809	6439
193	148.158	114.267	0	0	60	-0.0375836	0.323243	6473
194	148.641	114.19	0	0	49.5	-0.0645849	0.278912	6506
195	149.724	114.078	0	0	49	-0.126495	0.26027	6539
196	155.278	112.697	0	0	19.5	-0.6143	0.441376	6573
197	155.278	112.697	0	0	19.5	-0.6143	0.441376	6606
198	155.714	112.393	0	0	28	-0.716597	0.444052	6639
199	156.979	111.299	0	0	24	-0.683793	0.554598	6673
200	158.455	109.682	0	0	22	-0.630457	0.508381	6706
201	158.659	109.37	0	0	23	-0.711818	0.547488	6740
202	160.158	107.447	0	0	19	-0.69165	0.525322	6773
203	160.158	107.447	0	0	19	-0.69165	0.525322	6806
204	161.159	105.949	0	0	23	2.30317	0.547488	6840
205	161.376	105.554	0	0	21.5	2.27436	0.441624	6873
206	161.432	105.432	0	0	19.5	2.23956	0.428792	6906
207	161.728	105.093	0	0	20.5	2.25911	0.339078	6940
208	161.728	105.093	0	0	20.5	2.25911	0.394227	6973
209	161.728	105.093	0	0	20.5	2.25911	0.339078	7007
210	162.364	104.652	0	0	22	2.23492	0.404325	7040
211	162.89	104.103	0	0	23.5	2.31137	0.482706	7073
212	163.189	103.004	0	0	22.5	-0.770133	0.547082	7107
213	164.522	101.574	0	0	22.5	2.35149	0.432688	7140
214	165.722	100.521	0	0	24	2.35027	0.359159	7173
215	165.722	100.521	0	0	24	2.35027	0.359159	7207
216	166.623	98.7609	0	0	23	2.27652	0.49564	7240
217	167.33	97.3367	0	0	24.5	2.14911	0.40524	7273
218	167.5	96.9306	0	0	24	2.15968	0.470424	7307
219	167.452	96.7721	0	0	24.5	2.09744	0.503246	7340
220	167.654	96.3077	0	0	26	2.08736	0.448934	7374
221	167.826	96.0682	0	0	22	2.0763	0.370383	7407
222	167.826	96.0682	0	0	22	2.0763	0.370383	7440
223	168.652	94.4783	0	0	23	2.07355	0.364757	7474
224	169.285	92.9583	0	0	24	2.03866	0.414401	7507
225	169.98	91.3533	0	0	25	1.96399	0.490025	7540
226	170.957	89.9341	0	0	21.5	1.9753	0.378005	7574
227	171.256	88.0203	0	0	20.5	1.94448	0.360424	7607
228	171.256	88.0203	0	0	20.5	1.94448	0.360424	7640
229	171.806	87.1036	0	0	18.5	1.9659	0.380002	7674
230	171.516	86.7016	0	0	21.5	1.86453	0.472771	7707
231	171.588	86.6579	0	0	19	1.85074	0.398046	7741
232	171.588	86.6579	0	0	19	1.85074	0.398046	7774
233	171.544	86.2481	0	0	22.5	1.82446	0.395587	7807
234	171.544	86.2481	0	0	22.5	1.82446	0.395587	7841
235	171.687	86.2642	0	0	20.5	1.83571	0.383849	7874
236	171.864	85.9545	0	0	22	1.87127	0.431222	7907
237	172.044	85.7585	0	0	24.5	1.88961	0.458747	7941
238	172.003	85.9626	0	0	24.5	1.89423	0.43075	7974
239	172.431	90.5818	0	0	53	1.61567	0.235977	8008
240	172.431	90.5818	0	0	53	1.61567	0.235977	8041
241	172.91	90.2645	0	0	54.5	1.63825	0.264522	8074
245	172.636	93.6088	0	0	24.5	1.83638	0.489565	8208
246	172.63	93.3841	0	0	23	1.86883	0.481845	8241
247	172.809	92.9228	0	0	20.5	1.77822	0.483736	8274
248	173.004	92.1068	0	0	19.5	1.75637	0.495053	8308
249	173.159	91.1364	0	0	22	1.74041	0.460895	8341
250	173.492	90.4919	0	0	20.5	1.84307	0.536878	8375
251	173.952	88.9762	0	0	21	1.72295	0.439945	8408
252	173.952	88.9762	0	0	21	1.72295	0.439945	8441
253	174.286	87.5855	0	0	19.5	1.80939	0.389654	8475
254	174.466	86.3376	0	0	19.5	1.87962	0.510688	8508
255	175.158	84.8158	0	0	19	1.81208	0.426412	8541
261	180.5	75.5	0	0	2	1.5708	0.785	8742
263	182.5	75.5	0	0	2	1.5708	0.785	8808
264	182.5	75.5	0	0	2	1.5708	0.785	8842
266	181.071	80.5397	0	0	21	-0.76033	0.333039	8908
267	181.9	79.7167	0	0	20	-0.708692	0.282889	8942
268	182.585	79.3062	0	0	21.5	-0.760939	0.355619	8975
269	183.765	78.197	0	0	22	2.30914	0.431222	9009
270	183.765	78.197	0	0	22	2.30914	0.431222	9042
271	184.204	77.863	0	0	22.5	2.32445	0.608165	9075
272	185.022	77.0535	0	0	26.5	2.2051	0.50961	9109
273	185.5	76.26	0	0	25	2.15667	0.45946	9142
274	185.368	75.7481	0	0	21.5	1.96342	0.402574	9175
285	183.053	70.7632	0	0	19	1.1169	0.398046	9542
286	183.07	70.0614	0	0	19	1.1148	0.372419	9576
287	182.548	68.5667	0	0	17.5	1.22737	0.495056	9609
288	182.548	68.5667	0	0	17.5	1.22737	0.495056	9642
289	182.206	67.3254	0	0	21	1.27994	0.37601	9676
290	182.032	66.0045	0	0	18.5	1.20173	0.32526	9709
291	182.158	64.9474	0	0	19	1.25775	0.426412	9743
292	181.884	63.6616	0	0	16.5	1.37056	0.418891	9776
293	182.275	62.9054	0	0	18.5	1.56624	0.346401	9809
294	182.275	62.9054	0	0	18.5	1.56624	0.346401	9843
295	182.727	62.0909	0	0	22	1.63921	0.49374	9876
296	182.771	61.9419	0	0	21.5	1.67744	0.429618	9909
297	182.931	61.9472	0	0	20.5	1.69096	0.383849	9943
298	183.143	62.2143	0	0	21	1.70895	0.506124	9976
299	183.358	62.7417	0	0	20	1.91711	0.462165	10010
300	183.358	62.7417	0	0	20	1.91711	0.462165	10043
301	183.938	62.6238	0	0	17.5	2.17696	0.45831	10076
302	184.484	62.6938	0	0	21.5	2.25467	0.472771	10110
303	185.079	62.4048	0	0	21	2.34778	0.452541	10143
304	185.888	62.3062	0	0	21.5	-0.769457	0.441624	10176
305	186.205	62.6085	0	0	21.5	-0.610628	0.378005	10210
306	186.425	62.3583	0	0	20	-0.555302	0.39202	10243
307	186.267	62.7667	0	0	20	-0.48012	0.462165	10276
308	186.868	62.7393	0	0	19.5	-0.416403	0.400543	10310
309	186.818	62.7171	0	0	21.5	-0.380196	0.472771	10343
310	186.578	62.6938	0	0	21.5	-0.432998	0.472771	10377
311	186.02	62.9634	0	0	20.5	-0.53199	0.498453	10410
312	186.02	62.9634	0	0	20.5	-0.53199	0.498453	10443
313	185.688	63.0727	0	0	19.5	-0.658832	0.460139	10477
314	185.48	63.1768	0	0	16.5	-0.74411	0.48235	10510
315	185.63	62.6301	0	0	20.5	2.23396	0.450781	10543
316	185.217	62.5417	0	0	20	2.08928	0.418996	10577
317	185.532	61.3095	0	0	21	1.91176	0.439945	10610
318	185.532	61.3095	0	0	21	1.91176	0.439945	10643
319	184.958	61.15	0	0	20	1.7728	0.448855	10677
320	184.706	60.9286	0	0	21	1.58722	0.506124	10710
321	184.31	60.0238	0	0	24.5	1.37964	0.43075	10744
322	183.979	59.8761	0	0	19.5	1.3706	0.460139	10777
323	183.309	59.4716	0	0	23.5	1.17124	0.482706	10810
324	183.309	59.4716	0	0	23.5	1.17124	0.482706	10844
325	182.759	59.1296	0	0	13.5	0.695363	0.353554	10877
326	182.229	59.3217	0	0	21.5	0.618178	0.387901	10910
327	182.392	59.4417	0	0	20	0.668508	0.402868	10944
328	182.419	59.5296	0	0	22.5	0.627142	0.50928	10977
329	181.954	59.6631	0	0	23.5	0.546293	0.451918	11011
330	181.954	59.6631	0	0	23.5	0.546293	0.451918	11044
331	181.957	59.7464	0	0	23	0.51219	0.49564	11077
343	177	55.5	0	0	4	0	0.856937	11478
344	182.996	54.2967	0	0	20.5	0.0465362	0.421084	11511
345	185.224	54.3762	0	0	17.5	0.104122	0.412945	11544
346	186.874	54.3687	0	0	16.5	0.0830963	0.389348	11578
347	188.755	54.5	0	0	17	2.98311e-13	0.492182	11611
348	188.771	54.5417	0	0	16	-0.00184514	0.428468	11644
349	189.38	54.4829	0	0	19.5	-0.0106086	0.446751	11678
350	189.5	54.4649	0	0	19	2.09848e-13	0.457922	11711
351	189.874	54.4837	0	0	20.5	0.00953135	0.43811	11745
352	190.071	54.4365	0	0	21	-0.0117151	0.439945	11778
353	190.833	54.1159	0	0	23	-0.0974622	0.481845	11811
354	190.833	54.1159	0	0	23	-0.0974622	0.481845	11845
355	191.396	54.2259	0	0	22.5	-0.175186	0.395587	11878
356	191.653	54.2014	0	0	24	-0.227264	0.429726	11911
357	192.472	54.039	0	0	23.5	-0.269023	0.440023	11945
358	192.792	53.75	0	0	24	-0.27759	0.404054	11978
359	193.152	53.6159	0	0	23	-0.242418	0.481845	12012
360	193.152	53.6159	0	0	23	-0.242418	0.481845	12045
361	193.238	53.4362	0	0	23.5	-0.322793	0.440023	12078
362	193.595	53.1667	0	0	24.5	-0.365902	0.43075	12112
363	193.595	53.1667	0	0	24.5	-0.365902	0.43075	12145
364	193.409	52.9773	0	0	22	-0.325948	0.404325	12178
365	193.391	52.9493	0	0	23	-0.395195	0.450823	12212
366	193.391	52.9493	0	0	23	-0.395195	0.450823	12245
367	193.848	52.6986	0	0	23.5	-0.437602	0.440023	12278
368	194.485	52.2259	0	0	22.5	-0.570537	0.395587	12312
369	195.107	51.8869	0	0	28	-0.577688	0.514595	12345
370	195	51.7467	0	0	25	-0.527663	0.45946	12379
371	195.379	51.4015	0	0	22	-0.588258	0.460895	12412
372	195.379	51.4015	0	0	22	-0.588258	0.460895	12445
373	195.341	51.6377	0	0	23	-0.573721	0.450823	12479
374	195.507	51.4259	0	0	22.5	-0.553301	0.395587	12512
375	195.507	51.4259	0	0	22.5	-0.553301	0.395587	12545
376	195.538	51.6509	0	0	26.5	-0.575365	0.438321	12579
377	195.645	51.8333	0	0	23	-0.487657	0.422703	12612
378	195.645	51.8333	0	0	23	-0.487657	0.422703	12645
379	195.556	51.8333	0	0	24	-0.475572	0.470424	12679
380	195.477	52.0659	0	0	21.5	-0.40497	0.402574	12712
381	196.041	52.263	0	0	22.5	-0.414438	0.395587	12746
382	195.947	52.3182	0	0	22	-0.406304	0.404325	12779
383	195.884	52.3043	0	0	23	-0.400539	0.422703	12812
384	195.884	52.3043	0	0	23	-0.400539	0.422703	12846
385	195.513	52.7704	0	0	26.5	-0.332326	0.496196	12879
386	195.626	52.8459	0	0	26.5	-0.297671	0.496196	12912
387	195.196	53.0185	0	0	22.5	-0.256395	0.421298	12946
388	195.526	53.1732	0	0	25.5	-0.173193	0.448332	12979
389	195.412	53.3491	0	0	26.5	-0.15272	0.496196	13013
390	195.412	53.3491	0	0	26.5	-0.15272	0.496196	13046
391	195.154	53.6154	0	0	26	-0.0840954	0.496085	13079
392	195.14	53.68	0	0	25	-0.0793153	0.477005	13113
393	195.228	53.8061	0	0	24.5	-0.0740286	0.489565	13146
394	195.228	53.8061	0	0	24.5	-0.0740286	0.489565	13179
395	195.204	53.7074	0	0	22.5	-0.0762108	0.480853	13213
396	195.204	53.7074	0	0	22.5	-0.0762108	0.480853	13246
397	195.204	53.7074	0	0	22.5	-0.0762108	0.480853	13279
398	195.109	53.7391	0	0	23	-0.0895753	0.468618	13313
399	195.13	53.7536	0	0	23	-0.0943436	0.438845	13346
400	195.13	53.7536	0	0	23	-0.0943436	0.438845	13380
401	195.13	53.7536	0	0	23	-0.0943436	0.438845	13413
402	195.13	53.7536	0	0	23	-0.0943436	0.438845	13446
403	195.13	53.7536	0	0	23	-0.0943436	0.438845	13480
404	195.13	53.7536	0	0	23	-0.0943436	0.438845	13513
405	195.018	53.7199	0	0	23.5	-0.0758503	0.456987	13546
406	195.041	53.7593	0	0	22.5	-0.0781622	0.410353	13580
407	194.992	53.7857	0	0	21	-0.0973463	0.400684	13613
408	194.992	53.7857	0	0	21	-0.0973463	0.400684	13646
409	194.992	53.7857	0	0	21	-0.0973463	0.400684	13680
410	194.992	53.7857	0	0	21	-0.0973463	0.400684	13713
411	194.992	53.7857	0	0	21	-0.0973463	0.400684	13747
412	194.833	53.8788	0	0	22	-0.129068	0.393916	13780
413	194.677	53.9397	0	0	23.5	-0.0943645	0.440023	13813
414	194.677	53.9397	0	0	23.5	-0.0943645	0.440023	13847
415	194.73	53.9815	0	0	22.5	-0.0771673	0.480853	13880
416	194.956	54.1803	0	0	24.5	-0.0838944	0.489565	13913
417	194.863	54.2852	0	0	22.5	-0.06627	0.4496	13947
418	194.463	54.5889	0	0	22.5	0.000230964	0.4496	13980
419	194.28	54.5851	0	0	23.5	0.00252139	0.440023	14014
420	194.456	54.8082	0	0	26.5	-0.00206632	0.496196	14047
421	194.456	54.8082	0	0	26.5	-0.00206632	0.496196	14080
422	194.456	54.8082	0	0	26.5	-0.00206632	0.496196	14114
423	194.34	54.8667	0	0	25	-0.0258659	0.490025	14147
424	194.362	54.8966	0	0	29	0.0437525	0.519252	14180
425	194.241	55.0741	0	0	27	0.0696073	0.550117	14214
426	194.015	55.0091	0	0	27.5	0.110153	0.549511	14247
427	194.015	55.0091	0	0	27.5	0.110153	0.549511	14280
428	194.032	55.141	0	0	26	0.134717	0.437725	14314
429	194.01	55.3163	0	0	24.5	0.186642	0.43075	14347
430	193.981	55.3444	0	0	22.5	0.144301	0.395587	14381
431	188.938	53.4201	0	0	48	0.41415	0.230767	14414
432	189.213	53.6433	0	0	53.5	0.452471	0.272055	14447
433	189.213	53.6433	0	0	53.5	0.452471	0.272055	14481
434	189.071	53.7823	0	0	55.5	0.512527	0.291875	14514
435	188.899	53.9517	0	0	53.5	0.561892	0.295348	14547
436	189.871	54.5062	0	0	53.5	0.632162	0.272055	14581
437	189.773	54.6587	0	0	52.5	0.720008	0.26697	14614
438	190.845	55.8724	0	0	55.5	0.816604	0.296017	14647
439	190.845	55.8724	0	0	55.5	0.816604	0.296017	14681
440	190.43	55.95	0	0	50	0.839129	0.269369	14714
441	190.775	56.9706	0	0	51	0.900791	0.217376	14748
442	191.799	58.8472	0	0	48	0.962286	0.184827	14781
443	192.062	59.2508	0	0	49.5	0.967144	0.18365	14814
444	189.523	54.5758	0	0	22	0.681652	0.443155	14848
445	189.523	54.5758	0	0	22	0.681652	0.443155	14881
446	190.343	55.4308	0	0	26.5	0.809471	0.50961	14914
447	191.426	56.3704	0	0	27	0.764368	0.543872	14948
448	192.028	57.2639	0	0	24	0.865465	0.483442	14981
449	192.598	58.1818	0	0	22	0.946899	0.47409	15015
450	192.931	59.1748	0	0	20.5	1.14416	0.339078	15048
451	192.925	59.2	0	0	20	1.12268	0.367568	15081
452	192.5	59.7745	0	0	17	1.18491	0.333217	15115
453	192.257	61.1036	0	0	18.5	1.35282	0.346401	15148
454	191.795	62.9095	0	0	17.5	1.53199	0.327676	15181
455	191.698	64.6171	0	0	18.5	1.51283	0.298517	15215
456	191.578	65.2364	0	0	21.5	1.6005	0.392115	15248
457	191.578	65.2364	0	0	21.5	1.6005	0.392115	15281
458	191.476	66.8821	0	0	20.5	1.5416	0.409636	15315
459	191.386	67.7105	0	0	19	1.48703	0.398046	15348
460	191.758	69.0303	0	0	22	1.39685	0.370383	15382
461	191.896	70.1937	0	0	18.5	1.24557	0.406803	15415
462	192.175	70.5325	0	0	20.5	1.16757	0.394227	15448
463	192.175	70.5325	0	0	20.5	1.16757	0.394227	15482
464	192.386	70.8984	0	0	20.5	1.10047	0.360424	15515
465	192.924	71.9848	0	0	22	1.03469	0.370383	15548
466	193.409	72.9091	0	0	22	0.961185	0.443155	15582
467	193.368	73.0504	0	0	21.5	0.966537	0.441624	15615
468	193.413	73.8188	0	0	23	0.977568	0.49564	15648
469	193.413	73.8188	0	0	23	0.977568	0.49564	15682
470	193.229	73.7868	0	0	21.5	1.02542	0.441624	15715
471	193.02	73.9797	0	0	20.5	1.11037	0.450781	15749
472	192.395	73.8158	0	0	19	1.23535	0.398046	15782
473	191.528	73.2778	0	0	18	1.52899	0.433821	15815
474	190.7	73.45	0	0	20	1.6367	0.448855	15849
475	190.7	73.45	0	0	20	1.6367	0.448855	15882
476	189.867	74.8583	0	0	20	1.87878	0.418996	15915
477	189.212	74.6894	0	0	22	2.021	0.460895	15949
478	188.656	74.4728	0	0	24.5	2.17686	0.503246	15982
479	188.387	74.56	0	0	25	2.27494	0.538739	16016
480	187.924	74.3485	0	0	22	2.35236	0.47409	16049
481	187.924	74.3485	0	0	22	2.35236	0.47409	16082
482	187.212	74.1154	0	0	26	-0.529458	0.477838	16116
483	186.56	74.1933	0	0	25	-0.445787	0.431668	16149
484	186.442	74.3013	0	0	26	-0.467969	0.448934	16182
485	186.743	74.2639	0	0	24	-0.513918	0.441081	16216
486	187	73.8696	0	0	23	-0.54862	0.463298	16249
487	187	73.8696	0	0	23	-0.54862	0.463298	16282
488	187.386	74.0041	0	0	20.5	-0.643218	0.421084	16316
489	187.329	74.5	0	0	21.5	2.31513	0.413457	16349
490	188.15	74.0812	0	0	19.5	2.15268	0.374996	16383
491	188.02	73.8333	0	0	20.5	2.10487	0.394227	16416
492	188.02	73.8333	0	0	20.5	2.10487	0.394227	16449
493	188.02	73.8333	0	0	20.5	2.10487	0.394227	16483
494	188.667	73.5882	0	0	17	1.98462	0.39284	16516
495	188.85	73.6197	0	0	19.5	1.72285	0.416739	16549
496	189.942	73.1667	0	0	20	1.39985	0.418996	16583
497	190.19	73.0238	0	0	21	1.1922	0.452541	16616
498	190.539	73.2597	0	0	21.5	1.02576	0.441624	16649
499	190.539	73.2597	0	0	21.5	1.02576	0.441624	16683
500	190.098	73.0299	0	0	19.5	0.979211	0.428792	16716
501	190.59	73.6081	0	0	18.5	0.717824	0.418741	16750
502	190.175	72.765	0	0	19.5	0.497967	0.374996	16783
503	190.738	72.4841	0	0	21	0.283089	0.385946	16816
504	191.208	72.0069	0	0	24	-0.0518874	0.502795	16850
505	191.208	72.0069	0	0	24	-0.0518874	0.502795	16883
506	191.021	71.7986	0	0	24	-0.121875	0.429726	16916
507	191.708	71.0417	0	0	24	-0.415127	0.554598	16950
508	191.5	70.1288	0	0	22	-0.598528	0.379868	16983
509	192.174	68.8876	0	0	21.5	2.21782	0.346925	17017
510	192.083	68.675	0	0	20	2.085	0.39202	17050
511	192.083	68.675	0	0	20	2.085	0.39202	17083
512	192.209	68.5085	0	0	19.5	2.06248	0.510688	17117
513	193.25	66.5682	0	0	22	2.06777	0.49374	17150
514	193.996	65.8411	0	0	21.5	2.01736	0.522768	17183
515	194.359	64.4185	0	0	22.5	2.07859	0.547082	17217
516	195.204	63.3296	0	0	22.5	2.05073	0.405943	17250
517	195.204	63.3296	0	0	22.5	2.05073	0.405943	17283
518	196	62.5	0	0	21	2.08015	0.52169	17317
519	197.148	60.6619	0	0	17.5	2.09076	0.45831	17350
520	197.983	59.9417	0	0	20	2.07497	0.39202	17384
521	198.521	59.3056	0	0	24	2.12028	0.441081	17417
522	198.739	58.9275	0	0	23	2.04932	0.422703	17450
523	198.379	59.0603	0	0	23.5	1.98656	0.451918	17484
524	198.235	59.0714	0	0	24.5	2.01248	0.43075	17517
525	197.671	59.3291	0	0	19.5	1.87772	0.428792	17550
526	197.024	58.9444	0	0	21	1.63761	0.439945	17584
527	196.283	58.625	0	0	20	1.46511	0.535586	17617
528	195.525	58.625	0	0	20	1.19247	0.496847	17650
529	195.525	58.625	0	0	20	1.19247	0.496847	17684
530	195.048	58.619	0	0	21	1.07144	0.485273	17717
531	194.919	59.4238	0	0	17.5	0.906606	0.45831	17751
532	194.214	59.2619	0	0	21	0.701399	0.485273	17784
533	193.866	59.5813	0	0	20.5	0.401128	0.536878	17817
534	193.621	59.8688	0	0	23.5	0.381929	0.571397	17851
535	193.621	59.8688	0	0	23.5	0.381929	0.571397	17884
536	193.285	59.6852	0	0	22.5	0.310847	0.49476	17917
537	192.82	59.4252	0	0	24.5	0.198754	0.538739	17951
538	193.18	59.466	0	0	24.5	0.224727	0.503246	17984
539	193.48	59.4864	0	0	24.5	0.197107	0.538739	18018
540	193.645	59.413	0	0	23	0.242259	0.571374	18051
541	193.645	59.413	0	0	23	0.242259	0.571374	18084
542	192.854	59.2823	0	0	24.5	0.180449	0.578123	18118
543	191.819	59.2708	0	0	24	0.156264	0.502795	18151
544	190.84	59.1259	0	0	24.5	0.0826607	0.489565	18184
545	190.181	59.0217	0	0	23	0.088678	0.615923	18218
546	188.986	58.9792	0	0	24	0.109277	0.538625	18251
547	188.986	58.9792	0	0	24	0.109277	0.538625	18284
548	188.3	58.55	0	0	20	0.185275	0.448855	18318
549	186.855	58.578	0	0	23.5	0.172154	0.469582	18351
550	184.923	57.5163	0	0	20.5	0.253087	0.450781	18385
551	183.291	56.4608	0	0	25.5	0.196928	0.477471	18418
552	182.438	56.2222	0	0	24	0.347125	0.441081	18451
553	182.438	56.2222	0	0	24	0.347125	0.441081	18485
554	181.093	55.2867	0	0	25	0.566169	0.490025	18518
555	181.32	54.54	0	0	25	0.74749	0.42089	18551
556	180.16	52.2917	0	0	24	0.736781	0.441081	18585
557	178.885	50.6154	0	0	26	0.883228	0.560288	18618
558	179.096	50.3865	0	0	23.5	0.973382	0.451918	18651
559	179.096	50.3865	0	0	23.5	0.973382	0.451918	18685
560	179.322	48.9729	0	0	21.5	1.13479	0.441624	18718
561	178.684	47.4007	0	0	23.5	1.08953	0.413168	18752
562	178.069	46.2236	0	0	20.5	1.05194	0.421084	18785
563	177.5	45.25	0	0	22	1.03493	0.404325	18818
564	177.33	45.0704	0	0	22.5	1.01505	0.462165	18852
565	177.33	45.0704	0	0	22.5	1.01505	0.462165	18885
566	177.093	44.752	0	0	20.5	1.03347	0.46401	18918
567	177.093	44.752	0	0	20.5	1.03347	0.46401	18952
568	178.138	44.8043	0	0	23	1.1974	0.481845	18985
569	178.881	44.9444	0	0	21	1.55028	0.439945	19019
570	179.684	45.1316	0	0	19	1.79046	0.398046	19052
571	179.684	45.1316	0	0	19	1.79046	0.398046	19085
572	180.635	44.5284	0	0	23.5	1.95522	0.469582	19119
573	181.23	45.1879	0	0	23.5	2.15217	0.451918	19152
574	182.67	45.1815	0	0	22.5	-0.688954	0.50928	19185
575	183.846	44.9591	0	0	26.5	-0.4443	0.50961	19219
576	184.793	45.1259	0	0	24.5	-0.194928	0.458747	19252
577	184.793	45.1259	0	0	24.5	-0.194928	0.458747	19285
578	186.07	45.2852	0	0	22.5	-0.116431	0.421298	19319
579	186.185	46.2027	0	0	18.5	0.0355738	0.406803	19352
580	186.974	47	0	0	19	0.436326	0.277717	19386
581	187.595	47.4286	0	0	21	0.612863	0.439945	19419
582	187.75	48.4444	0	0	24	0.829945	0.441081	19452
583	187.75	48.4444	0	0	24	0.829945	0.441081	19486
584	187.52	49.8267	0	0	25	0.954523	0.490025	19519
585	187.737	50.5	0	0	19	1.09988	0.472005	19552
586	187.746	51.0873	0	0	21	1.25975	0.439945	19586
587	187.688	52.4145	0	0	19.5	1.46073	0.495053	19619
588	186.709	53.531	0	0	21.5	1.74026	0.429618	19652
589	186.709	53.531	0	0	21.5	1.74026	0.429618	19686
590	186.061	53.6789	0	0	20.5	1.73557	0.409636	19719
591	185.733	54.2829	0	0	21.5	1.80205	0.507333	19753
592	185.094	54.7754	0	0	23	2.03121	0.450823	19786
593	184.715	54.9028	0	0	24	2.17291	0.554598	19819
594	183.603	55.0317	0	0	21	2.22195	0.439945	19853
595	183.603	55.0317	0	0	21	2.22195	0.439945	19886
596	182.469	56.2752	0	0	21.5	2.28989	0.522768	19919
597	181.159	56.9318	0	0	22	-0.73351	0.508381	19953
598	179.861	58.1803	0	0	24.5	-0.721085	0.503246	19986
599	178.578	58.8876	0	0	21.5	-0.622455	0.413457	20020
600	177.186	58.9808	0	0	26	-0.65794	0.560288	20053
601	177.186	58.9808	0	0	26	-0.65794	0.560288	20086
602	175.899	59.2971	0	0	23	-0.489887	0.422703	20120
603	175.741	59.1454	0	0	23.5	-0.499134	0.482706	20153
604	175.595	59.381	0	0	21	-0.58433	0.485273	20186
605	175.326	60.0455	0	0	22	-0.687931	0.379868	20220
606	175.287	60.961	0	0	23.5	2.12463	0.482706	20253
607	175.287	60.961	0	0	23.5	2.12463	0.482706	20286
608	175.207	61.86	0	0	25	2.06901	0.45946	20320
609	174.858	62.6789	0	0	20.5	1.96695	0.450781	20353
610	174.98	63.3374	0	0	20.5	1.74344	0.483736	20387
611	175.367	64.119	0	0	17.5	1.56463	0.412945	20420
612	175.657	65.9444	0	0	18	1.41864	0.377096	20453
613	175.657	65.9444	0	0	18	1.41864	0.377096	20487
614	176.405	66.1508	0	0	21	1.22643	0.411621	20520
615	177.167	66.8546	0	0	23.5	1.04791	0.516749	20553
616	178.114	67.697	0	0	22	0.728458	0.431222	20587
617	179.123	67.8696	0	0	23	0.695475	0.49564	20620
618	180.635	68.4504	0	0	23.5	0.462567	0.366342	20653
619	182.182	68.6439	0	0	22	0.233879	0.460895	20687
620	182.182	68.6439	0	0	22	0.233879	0.460895	20720
621	182.923	67.8984	0	0	20.5	-0.0232538	0.383849	20754
622	184.261	67.5314	0	0	26.5	-0.233826	0.496196	20787
623	184.779	66.5612	0	0	24.5	-0.33265	0.372861	20820
624	185.417	65.6786	0	0	28	-0.501126	0.548828	20854
625	185.635	64.9615	0	0	26	-0.681794	0.448934	20887
626	185.635	64.9615	0	0	26	-0.681794	0.448934	20920
627	186.138	63.8218	0	0	29	2.26158	0.500735	20954
628	186.196	62.9074	0	0	22.5	2.06635	0.432688	20987
629	186.273	61.58	0	0	25	1.81099	0.45946	21021
630	185.968	60.545	0	0	18.5	1.72751	0.469666	21054
631	185.922	58.3431	0	0	17	1.6763	0.324363	21087
632	185.922	58.3431	0	0	17	1.6763	0.324363	21121
633	185.588	57.3421	0	0	19	1.52483	0.362524	21154
634	184.928	55.8333	0	0	23	1.16493	0.317958	21187
635	184.28	55.4837	0	0	20.5	1.23184	0.383849	21221
636	184.123	54.2018	0	0	19	1.31069	0.372419	21254
637	184.133	53.6	0	0	20	1.31938	0.39202	21287
638	184.133	53.6	0	0	20	1.31938	0.39202	21321
639	184.275	51.8411	0	0	21.5	1.28579	0.429618	21354
811	189.017	70.8333	0	0	20	0.54041	0.430991	27093
812	189.017	70.8333	0	0	20	0.54041	0.430991	27127
813	187.406	70.0072	0	0	23	0.532848	0.387219	27160
814	186.228	69.5476	0	0	24.5	0.511457	0.503246	27193
815	185.301	69.5284	0	0	23.5	0.521219	0.482706	27227
816	184.706	69.2801	0	0	23.5	0.586747	0.482706	27260
817	183.833	68.4116	0	0	24.5	0.597021	0.517509	27293
818	183.472	68.2708	0	0	24	0.546137	0.441081	27327
819	183.472	68.2708	0	0	24	0.546137	0.441081	27360
820	183.283	68.1739	0	0	23	0.557004	0.450823	27394
821	183.283	68.1739	0	0	23	0.557004	0.450823	27427
822	182.97	68.1364	0	0	22	0.566372	0.47409	27460
823	182.556	67.6875	0	0	24	0.527763	0.517189	27494
824	182.04	67.46	0	0	25	0.5266	0.490025	27527
825	182.04	67.46	0	0	25	0.5266	0.490025	27560
826	181.69	67.6292	0	0	24.5	0.504741	0.503246	27594
827	181.404	67.4407	0	0	22.5	0.550079	0.462165	27627
828	181.759	67.6296	0	0	27	0.472179	0.454561	27660
829	185.66	68.5767	0	0	50	0.197053	0.270962	27694
830	180.984	67.7076	0	0	26.5	0.473697	0.465913	27727
831	180.984	67.7076	0	0	26.5	0.473697	0.465913	27761
832	180.635	67.5526	0	0	28.5	0.462112	0.433737	27794
833	179.768	67.5719	0	0	25.5	0.452746	0.448332	27827
834	178.396	67.263	0	0	22.5	0.359718	0.395587	27861
835	177.272	67.1754	0	0	19	0.200218	0.398046	27894
836	174.599	67.2117	0	0	18.5	0.225789	0.406803	27927
837	174.599	67.2117	0	0	18.5	0.225789	0.406803	27961
838	172.5	66.7083	0	0	24	0.236362	0.457925	27994
839	170.712	66.7045	0	0	22	0.232423	0.393916	28028
840	168.818	66.4545	0	0	22	0.188697	0.419764	28061
841	166.911	65.8901	0	0	23.5	0.0189427	0.469582	28094
842	164.73	65.0873	0	0	21	0.169191	0.37601	28128
843	164.73	65.0873	0	0	21	0.169191	0.37601	28161
844	163.869	65.0248	0	0	23.5	0.241896	0.413168	28194
845	163.244	64.9103	0	0	26	0.252751	0.412334	28228
846	163.083	64.8611	0	0	24	0.218028	0.470424	28261
847	162.603	64.8851	0	0	29	0.225413	0.488232	28294
848	162.42	64.7267	0	0	25	0.185907	0.396475	28328
849	162.308	64.6538	0	0	26	0.206069	0.437725	28361
850	161.781	64.5915	0	0	25.5	0.225098	0.448332	28395
851	161.781	64.5915	0	0	25.5	0.225098	0.448332	28428
852	161.805	64.4787	0	0	23.5	0.354872	0.440023	28461
853	161.863	64.5296	0	0	22.5	0.39279	0.421298	28495
854	161.448	64.1471	0	0	25.5	0.399317	0.448332	28528
855	161.448	64.1471	0	0	25.5	0.399317	0.448332	28561
856	160.69	63.9626	0	0	24.5	0.503715	0.458747	28595
857	159.587	63.7319	0	0	23	0.491357	0.422703	28628
858	157.421	62.6984	0	0	21	0.425535	0.314264	28661
859	155.764	62.3542	0	0	24	0.460285	0.441081	28695
860	153.874	61.4728	0	0	24.5	0.504266	0.458747	28728
861	153.874	61.4728	0	0	24.5	0.504266	0.458747	28762
862	152.071	60.4286	0	0	21	0.553667	0.396281	28795
863	151.32	60.02	0	0	25	0.537567	0.45946	28828
864	150.609	59.7313	0	0	24.5	0.517683	0.471149	28862
865	149.917	59.1458	0	0	24	0.593466	0.483442	28895
866	149.371	58.9354	0	0	24.5	0.637363	0.503246	28928
867	149.179	58.858	0	0	27	0.673333	0.496217	28962
868	149.088	58.8856	0	0	25.5	0.687051	0.448332	28995
869	149.088	58.8856	0	0	25.5	0.687051	0.448332	29029
870	149.118	58.7848	0	0	27.5	0.68676	0.483495	29062
871	149.225	58.7339	0	0	28.5	0.703752	0.501077	29095
872	149.225	58.7339	0	0	28.5	0.703752	0.501077	29129
873	149.225	58.7339	0	0	28.5	0.703752	0.501077	29162
874	149.344	58.7177	0	0	24.5	0.751057	0.43075	29195
875	153.562	62.0833	0	0	48	0.624174	0.190308	29229
876	152.862	61.859	0	0	52	0.648277	0.254813	29262
877	152.361	61.7182	0	0	55	0.704858	0.296306	29295
878	151.998	61.4353	0	0	51.5	0.722319	0.294446	29329
879	151.98	61.3333	0	0	51	0.713814	0.29463	29362
880	151.745	61.1373	0	0	51	0.741023	0.29463	29396
881	151.445	60.8505	0	0	48.5	0.787844	0.277294	29429
882	151.236	60.5495	0	0	50.5	0.811131	0.26558	29462
883	151.378	60.5884	0	0	49	0.808387	0.273279	29496
884	151.097	60.1106	0	0	50.5	0.803228	0.288729	29529
885	151.097	60.1106	0	0	50.5	0.803228	0.288729	29562
886	150.912	59.5912	0	0	53	0.835189	0.27598	29596
887	150.864	59.5986	0	0	49	0.811199	0.225135	29629
888	154.625	63.5069	0	0	24	0.650924	0.441081	29662
889	154.219	62.7815	0	0	22.5	0.750436	0.475264	29696
890	154.135	62.4444	0	0	21	0.845584	0.423012	29729
891	154.135	62.4444	0	0	21	0.845584	0.423012	29763
892	153.912	61.8203	0	0	25.5	0.895874	0.432484	29796
893	153.429	60.6905	0	0	21	0.982353	0.485273	29829
894	152.561	59.5	0	0	22	0.972929	0.379868	29863
895	152.127	58.9524	0	0	21	0.970691	0.423012	29896
896	152.048	58.7381	0	0	21	0.918608	0.452541	29929
897	151.517	58.0833	0	0	20	0.86963	0.367568	29963
898	151.023	57.3939	0	0	22	0.875422	0.404325	29996
899	150.545	56.3409	0	0	22	0.751634	0.404325	30030
900	150.182	56.447	0	0	22	0.762533	0.523684	30063
913	146.239	38.2391	0	0	23	1.7795	0.481845	30497
914	146.603	36.9444	0	0	21	1.79487	0.439945	30530
915	146.603	36.9444	0	0	21	1.79487	0.439945	30563
916	147.3	35.1933	0	0	25	1.81983	0.447631	30597
917	147.422	34.655	0	0	21.5	1.8374	0.472771	30630
918	148.062	33.2124	0	0	25.5	1.86676	0.523787	30663
919	148.312	31.3542	0	0	24	1.82985	0.457925	30697
920	148.365	31.0897	0	0	26	1.77712	0.496085	30730
921	148.365	31.0897	0	0	26	1.77712	0.496085	30764
922	148.454	30.2908	0	0	25.5	1.76826	0.509547	30797
923	148.598	29.8399	0	0	25.5	1.76148	0.411469	30830
924	148.625	29.65	0	0	20	1.79063	0.418996	30864
925	148.386	30.0203	0	0	20.5	1.57771	0.383849	30897
926	147.703	29.7602	0	0	20.5	1.45703	0.43811	30930
927	147.703	29.7602	0	0	20.5	1.45703	0.43811	30964
928	146.562	34.7026	0	0	51	1.60107	0.286145	30997
929	146.882	34.9561	0	0	47.5	1.51779	0.235009	31031
930	147.219	33.9167	0	0	48	1.46094	0.235212	31064
931	145.604	26.9593	0	0	22.5	1.01774	0.432688	31097
932	144.545	25.8636	0	0	22	1.01722	0.443155	31131
933	144.545	25.8636	0	0	22	1.01722	0.443155	31164
934	143.667	24.6746	0	0	21	0.993189	0.452541	31197
935	143.167	23.7846	0	0	20.5	1.02244	0.394227	31231
936	142.263	22.4852	0	0	22.5	1.04646	0.432688	31264
937	141.9	21.75	0	0	20	1.09442	0.39202	31297
938	141.535	21.4716	0	0	23.5	1.03346	0.451918	31331
939	141.396	21.3074	0	0	22.5	1.03032	0.432688	31364
940	141.229	21.3889	0	0	24	1.00084	0.441081	31398
941	140.72	20.9113	0	0	23.5	0.963551	0.451918	31431
942	140.479	21.0625	0	0	24	0.971668	0.517189	31464
943	140.479	21.0625	0	0	24	0.971668	0.517189	31498
944	140.412	20.9762	0	0	24.5	0.966474	0.471149	31531
945	140.412	20.9762	0	0	24.5	0.966474	0.471149	31564
946	140.261	20.9465	0	0	26.5	0.946239	0.438321	31598
947	143.805	24.9421	0	0	47.5	0.80392	0.216232	31631
950	143.489	24.9946	0	0	46.5	0.79604	0.21168	31731
951	143.408	24.9007	0	0	47	0.797953	0.202884	31765
952	142.981	24.3982	0	0	47.5	0.804293	0.189	31798
953	137.24	18.4667	0	0	25	0.829333	0.503585	31831
954	136.125	17.7361	0	0	24	0.883644	0.441081	31865
955	135.413	17.0867	0	0	25	0.862048	0.538739	31898
956	134.885	16.6154	0	0	26	0.883228	0.560288	31931
957	134.885	16.6154	0	0	26	0.883228	0.560288	31965
958	134.471	15.9327	0	0	28.5	0.987597	0.471402	31998
959	133.768	15.3758	0	0	25.5	0.961067	0.490379	32032
960	134.062	15.5131	0	0	25.5	0.965051	0.490379	32065
961	134.11	15.3865	0	0	23.5	0.951246	0.451918	32098
962	137.578	19.2963	0	0	45	0.850012	0.219278	32132
963	137.578	19.2963	0	0	45	0.850012	0.219278	32165
964	137.467	18.9783	0	0	46	0.841859	0.23953	32198
965	137.425	18.1929	0	0	44.5	0.856759	0.277611	32232
966	136.665	17.3638	0	0	46.5	0.850003	0.279666	32265
967	136.181	16.5287	0	0	46.5	0.860505	0.265859	32298
968	136.411	16.6518	0	0	56	0.837812	0.301694	32332
969	136.381	16.5943	0	0	53	0.831372	0.27598	32365
970	135.777	15.8439	0	0	47.5	0.808098	0.216232	32399
972	139.395	19.3158	0	0	19	0.883688	0.439057	32465
973	139.322	18.7481	0	0	21.5	0.950737	0.522768	32499
974	139.342	17.75	0	0	20	0.903719	0.430991	32532
975	139.342	17.75	0	0	20	0.903719	0.430991	32565
976	139.552	17.4481	0	0	22.5	0.906004	0.50928	32599
977	139.739	16.7991	0	0	19.5	0.894956	0.441376	32632
978	139.675	16.8095	0	0	21	0.737621	0.452541	32665
979	139.65	16.9583	0	0	20	0.687031	0.430991	32699
980	139.447	16.8421	0	0	19	0.623286	0.409442	32732
981	139.447	16.8421	0	0	19	0.623286	0.409442	32766
982	139.368	16.8411	0	0	21.5	0.582807	0.441624	32799
983	134.5	15.5	0	0	2	1.5708	0.785	32832
1006	134.607	14.9704	0	0	45	0.54681	0.242432	33600
1007	134.35	14.86	0	0	50	0.524106	0.278856	33633
1008	134.26	14.7867	0	0	50	0.490646	0.260359	33667
1009	134.651	15.1564	0	0	48.5	0.422273	0.243259	33700
1010	139.981	17.2752	0	0	21.5	0.49792	0.486645	33733
1011	139.722	17.0556	0	0	19.5	0.458548	0.474138	33767
1012	139.609	16.7326	0	0	21.5	0.522375	0.413457	33800
1013	139.757	16.681	0	0	17.5	0.684546	0.359462	33833
1014	139.671	16.1667	0	0	21.5	0.67531	0.522768	33867
1015	139.564	15.5355	0	0	23.5	0.807462	0.451918	33900
1016	139.294	15.1984	0	0	21	0.792572	0.452541	33933
1017	138.739	14.0652	0	0	23	0.750735	0.53149	33967
1018	138.739	14.0652	0	0	23	0.750735	0.53149	34000
1019	138.607	13.64	0	0	25	0.819306	0.503585	34034
1020	138.16	12.9286	0	0	24.5	0.75958	0.442027	34067
1021	137.86	12.8684	0	0	19	0.687093	0.382725	34100
1022	137.275	12.2597	0	0	21.5	0.648606	0.441624	34134
1023	136.273	11.5	0	0	22	0.561782	0.508381	34167
1024	136.273	11.5	0	0	22	0.561782	0.508381	34200
1025	135.757	11.3333	0	0	24	0.497533	0.441081	34234
1026	135.083	10.9167	0	0	24	0.384527	0.502795	34267
1027	135.065	10.9565	0	0	23	0.384613	0.481845	34300
1028	134.877	11.1594	0	0	23	0.269229	0.450823	34334
1031	133.348	11.2101	0	0	23	0.131793	0.450823	34434
1032	132.95	11.1279	0	0	21.5	0.073264	0.402574	34467
1033	133.071	11	0	0	21	0.0128115	0.471297	34501
1034	132.968	11.127	0	0	21	-0.161229	0.353547	34534
1035	132.652	11.2348	0	0	22	-0.247416	0.393916	34567
1036	132.652	11.2348	0	0	22	-0.247416	0.393916	34601
1037	132.402	11.2073	0	0	20.5	-0.290226	0.409636	34634
1038	132.232	11.4837	0	0	20.5	-0.34631	0.450781	34668
1039	132.303	11.3095	0	0	24.5	-0.415627	0.43075	34701
1040	131.826	11.8704	0	0	22.5	-0.515338	0.49476	34734
1041	131.264	12.2967	0	0	20.5	-0.502195	0.450781	34768
1042	131.264	12.2967	0	0	20.5	-0.502195	0.450781	34801
1043	130.083	12.8889	0	0	18	-0.611946	0.415948	34834
1044	129.283	13.5833	0	0	20	-0.641937	0.402868	34868
1045	128.152	14.4783	0	0	23	-0.728181	0.434022	34901
1046	127.381	14.7619	0	0	21	-0.685386	0.411621	34934
1047	126.447	15.4737	0	0	19	-0.604341	0.439057	34968
1048	126.447	15.4737	0	0	19	-0.604341	0.439057	35001
1049	125.854	15.6293	0	0	24.5	-0.555558	0.503246	35035
1050	125.119	16	0	0	21	-0.479596	0.452541	35068
1051	124.15	16.8008	0	0	20.5	-0.432343	0.421084	35101
1052	122.953	16.8675	0	0	19.5	-0.448871	0.400543	35135
1053	120.971	17.3529	0	0	17	-0.226681	0.222608	35168
1054	120.971	17.3529	0	0	17	-0.226681	0.222608	35201
1055	119.557	17.5284	0	0	23.5	-0.083839	0.42859	35235
1056	119.205	17.4845	0	0	21.5	-0.0279101	0.429618	35268
1057	118.833	16.9804	0	0	17	0.142874	0.356146	35301
1058	118.935	16.7536	0	0	23	0.0948323	0.516183	35335
1059	117.964	16.7971	0	0	23	0.0677833	0.481845	35368
1060	117.964	16.7971	0	0	23	0.0677833	0.481845	35402
1061	117.102	16.8496	0	0	20.5	0.102835	0.483736	35435
1062	115.809	16.8089	0	0	20.5	0.0638977	0.409636	35468
1063	114.188	16.9752	0	0	23.5	-0.0522307	0.469582	35502
1064	113.045	17.0203	0	0	20.5	-0.0737218	0.409636	35535
1065	112.108	16.8529	0	0	17	-0.131412	0.381526	35568
